Date,Time,Open,High,Low,Close,Volume,OpenInt
2015-12-07,16:00:00,117.62,118.49,117.18,117.77,6191795,0
2015-12-07,17:00:00,117.77,117.99,116.97,117.18,5533244,0
2015-12-07,18:00:00,117.16,117.31,116.66,117.04,3402327,0
2015-12-07,19:00:00,117.03,117.03,116.63,116.69,2524396,0
2015-12-07,20:00:00,116.69,116.96,116.64,116.92,2598848,0
2015-12-07,21:00:00,116.92,117.15,116.59,116.68,3163590,0
2015-12-07,22:00:00,116.69,117.13,116.46,116.93,6142027,0
2015-12-08,16:00:00,116.18,116.75,115.68,115.73,4871056,0
2015-12-08,17:00:00,115.72,116.82,115.53,116.65,6678106,0
2015-12-08,18:00:00,116.64,117.25,116.36,116.55,4342867,0
2015-12-08,19:00:00,116.55,116.57,116.02,116.49,2607090,0
2015-12-08,20:00:00,116.49,116.64,116.14,116.39,2310086,0
2015-12-08,21:00:00,116.38,116.81,116.3,116.52,2740304,0
2015-12-08,22:00:00,116.53,117.16,116.36,116.88,8026519,0
2015-12-09,16:00:00,116.3,116.34,115.63,115.73,4522497,0
2015-12-09,17:00:00,115.73,116.18,115.61,115.77,4838289,0
2015-12-09,18:00:00,115.77,115.83,114.96,115.16,4712131,0
2015-12-09,19:00:00,115.17,115.22,114.08,114.15,6153905,0
2015-12-09,20:00:00,114.16,114.5,113.77,114.18,5986743,0
2015-12-09,21:00:00,114.18,114.36,113.84,113.85,3829818,0
2015-12-09,22:00:00,113.84,114.52,113.79,114.3,9253029,0
2015-12-10,16:00:00,114.71,115.02,114.31,114.51,1553045,0
2015-12-10,17:00:00,114.48,115.36,114.19,115.07,5636376,0
2015-12-10,18:00:00,115.07,115.14,114.45,114.63,3054143,0
2015-12-10,19:00:00,114.63,114.88,114.45,114.76,2391520,0
2015-12-10,20:00:00,114.77,115.17,114.68,114.93,2243017,0
2015-12-10,21:00:00,114.93,115.61,114.91,115.33,2839146,0
2015-12-10,22:00:00,115.33,115.38,114.57,114.84,5592422,0
2015-12-11,16:00:00,113.88,114.08,112.9,113.2,5839316,0
2015-12-11,17:00:00,113.18,113.54,112.49,112.65,7279343,0
2015-12-11,18:00:00,112.65,112.77,111.89,112.03,6042057,0
2015-12-11,19:00:00,112.03,112.26,111.56,112.21,5472670,0
2015-12-11,20:00:00,112.2,112.51,111.89,112.34,3743693,0
2015-12-11,21:00:00,112.35,112.51,111.96,112.09,3588761,0
2015-12-11,22:00:00,112.09,112.25,111.57,111.89,10445074,0
2015-12-14,16:00:00,110.89,110.89,109.34,109.73,9374595,0
2015-12-14,17:00:00,109.73,110.53,109.46,109.88,10299884,0
2015-12-14,18:00:00,109.87,109.91,108.54,109.29,8882607,0
2015-12-14,19:00:00,109.31,110.19,109.08,110.03,6792088,0
2015-12-14,20:00:00,110.02,111.36,109.99,111.17,6440534,0
2015-12-14,21:00:00,111.18,111.39,110.4,110.95,5648399,0
2015-12-14,22:00:00,110.95,111.17,110.34,111.17,4789936,0
2015-12-15,16:00:00,110.67,111.06,109.86,110.12,8804648,0
2015-12-15,17:00:00,110.12,111.51,110.09,111.35,8559479,0
2015-12-15,18:00:00,111.35,111.35,109.93,110.23,6919594,0
2015-12-15,19:00:00,110.23,110.82,110.07,110.76,4447094,0
2015-12-15,20:00:00,110.76,110.81,110.23,110.5,3936793,0
2015-12-15,21:00:00,110.5,110.67,110.06,110.1,3769687,0
2015-12-15,22:00:00,110.11,110.16,109.09,109.22,11420424,0
2015-12-16,16:00:00,109.8,110.72,109.37,109.37,5845934,0
2015-12-16,17:00:00,109.37,109.62,108.47,109.14,8390889,0
2015-12-16,18:00:00,109.14,109.15,107.68,107.84,8281589,0
2015-12-16,19:00:00,107.84,108.02,107.56,107.8,5966667,0
2015-12-16,20:00:00,107.8,109.17,107.75,109.06,4789801,0
2015-12-16,21:00:00,109.05,109.83,108.03,109.8,5395438,0
2015-12-16,22:00:00,109.83,110.33,109.3,110.04,3082399,0
2015-12-17,16:00:00,110.75,110.88,109.51,109.9,5188423,0
2015-12-17,17:00:00,109.92,110.05,108.68,108.89,6708238,0
2015-12-17,18:00:00,108.88,109.13,108.22,108.79,6552613,0
2015-12-17,19:00:00,108.8,109.01,108.54,108.96,3445179,0
2015-12-17,20:00:00,108.95,109.28,108.75,108.82,3232458,0
2015-12-17,21:00:00,108.82,108.94,107.87,108.21,5829634,0
2015-12-17,22:00:00,108.22,108.58,107.73,107.73,10490070,0
2015-12-18,16:00:00,107.66,108.27,107.22,108.02,13300638,0
2015-12-18,17:00:00,108.02,108.04,106.43,106.84,8550528,0
2015-12-18,18:00:00,106.83,107.05,105.92,106.11,6084834,0
2015-12-18,19:00:00,106.12,106.31,105.19,105.19,8403996,0
2015-12-18,20:00:00,105.19,106.21,105.19,106,6654239,0
2015-12-18,21:00:00,106,106.27,105.33,105.35,5762036,0
2015-12-18,22:00:00,105.35,105.53,104.6,104.66,13184309,0
2015-12-21,16:00:00,106.05,106.14,104.95,105.13,6454222,0
2015-12-21,17:00:00,105.13,105.65,104.36,104.72,7030844,0
2015-12-21,18:00:00,104.73,105.35,104.4,105.31,5775772,0
2015-12-21,19:00:00,105.31,106.02,105.27,105.82,5672355,0
2015-12-21,20:00:00,105.81,106.11,105.64,105.86,3612369,0
2015-12-21,21:00:00,105.85,105.98,105.05,105.22,3597134,0
2015-12-21,22:00:00,105.22,106.12,104.91,106.1,8125133,0
2015-12-22,16:00:00,106.17,106.25,105.39,105.44,4122459,0
2015-12-22,17:00:00,105.44,106,105.24,105.3,5393174,0
2015-12-22,18:00:00,105.31,106.13,105.3,106.01,3998000,0
2015-12-22,19:00:00,106.01,106.49,105.74,106.15,3993700,0
2015-12-22,20:00:00,106.15,106.24,105.79,106.22,2669594,0
2015-12-22,21:00:00,106.22,106.24,105.96,106.19,2513450,0
2015-12-22,22:00:00,106.19,106.27,105.8,105.98,4972312,0
2015-12-23,16:00:00,106.04,107.24,105.97,106.94,4338913,0
2015-12-23,17:00:00,106.96,107.37,106.62,107.24,5309759,0
2015-12-23,18:00:00,107.24,107.26,106.89,107.26,3320008,0
2015-12-23,19:00:00,107.25,107.6,107.08,107.16,4089471,0
2015-12-23,20:00:00,107.17,107.2,106.8,106.95,2331404,0
2015-12-23,21:00:00,106.94,107.4,106.93,107.35,2924171,0
2015-12-23,22:00:00,107.34,107.41,107.01,107.38,5720959,0
2015-12-24,16:00:00,107.75,107.75,107.04,107.19,2509127,0
2015-12-24,17:00:00,107.18,107.35,106.72,107.3,3848586,0
2015-12-24,18:00:00,107.3,107.41,107.07,107.27,2464768,0
2015-12-24,19:00:00,107.27,107.29,106.73,106.8,2819308,0
2015-12-24,20:00:00,106.8,106.8,106.8,106.8,946621,0
2015-12-28,16:00:00,106.36,106.46,105.48,105.56,3898454,0
2015-12-28,17:00:00,105.56,105.73,104.97,105,5023422,0
2015-12-28,18:00:00,105,106.05,104.99,105.94,3754962,0
2015-12-28,19:00:00,105.94,106.05,105.63,105.76,2177610,0
2015-12-28,20:00:00,105.76,106.11,105.66,105.73,1872508,0
2015-12-28,21:00:00,105.73,105.84,105.57,105.59,1942403,0
2015-12-28,22:00:00,105.6,105.65,105.3,105.6,3934823,0
2015-12-29,16:00:00,105.74,106.47,105.64,106.14,3585745,0
2015-12-29,17:00:00,106.14,106.56,106.1,106.27,3640016,0
2015-12-29,18:00:00,106.27,106.82,106.27,106.65,3352744,0
2015-12-29,19:00:00,106.65,107.37,106.65,107.3,3452340,0
2015-12-29,20:00:00,107.3,107.92,107.29,107.82,3901310,0
2015-12-29,21:00:00,107.83,108.18,107.77,107.98,3818847,0
2015-12-29,22:00:00,107.99,108.06,107.38,107.5,6465357,0
2015-12-30,16:00:00,107.34,107.46,106.17,106.32,3681115,0
2015-12-30,17:00:00,106.32,106.57,105.95,106.41,4431087,0
2015-12-30,18:00:00,106.42,106.71,106.27,106.32,2373084,0
2015-12-30,19:00:00,106.32,106.55,106.27,106.47,1821578,0
2015-12-30,20:00:00,106.46,106.54,106.27,106.5,1821437,0
2015-12-30,21:00:00,106.5,106.57,106.32,106.46,2110860,0
2015-12-30,22:00:00,106.47,106.67,106.04,106.07,4556478,0
2015-12-31,16:00:00,105.79,105.81,104.68,104.97,4766663,0
2015-12-31,17:00:00,104.97,105.13,104.45,104.66,5439766,0
2015-12-31,18:00:00,104.65,104.82,104.42,104.57,3674562,0
2015-12-31,19:00:00,104.57,104.88,104.44,104.45,3736789,0
2015-12-31,20:00:00,104.45,104.47,104.14,104.3,4072820,0
2015-12-31,21:00:00,104.3,104.3,103.62,104.02,6159423,0
2015-12-31,22:00:00,104.02,104.33,103.8,104.06,9601866,0
2016-01-04,16:00:00,101.44,102.51,100.84,101.52,9401761,0
2016-01-04,17:00:00,101.51,102.74,101.21,102.17,8808919,0
2016-01-04,18:00:00,102.16,102.71,101.33,102.65,5803175,0
2016-01-04,19:00:00,102.65,103.69,102.51,103.59,5630948,0
2016-01-04,20:00:00,103.58,103.79,103.12,103.46,4912839,0
2016-01-04,21:00:00,103.45,104.17,103.22,103.55,5848091,0
2016-01-04,22:00:00,103.55,104.16,102.65,104.15,11452516,0
2016-01-05,16:00:00,104.54,104.64,102.91,102.95,5603488,0
2016-01-05,17:00:00,102.93,103.75,102.65,103.3,5657270,0
2016-01-05,18:00:00,103.3,103.36,102.68,102.9,3717037,0
2016-01-05,19:00:00,102.9,102.91,101.24,101.82,13043501,0
2016-01-05,20:00:00,101.83,102.57,101.58,102.3,5600409,0
2016-01-05,21:00:00,102.31,102.56,101.73,101.82,5142619,0
2016-01-05,22:00:00,101.82,101.91,101.43,101.54,11641562,0
2016-01-06,16:00:00,99.415,100.71,99.077,100.25,9970799,0
2016-01-06,17:00:00,100.23,101.2,99.83,100.35,9398922,0
2016-01-06,18:00:00,100.35,101,100.01,100.02,6183284,0
2016-01-06,19:00:00,100.03,100.16,99.206,99.226,8400120,0
2016-01-06,20:00:00,99.216,99.61,98.928,99.146,6247230,0
2016-01-06,21:00:00,99.156,99.78,98.819,98.948,9172044,0
2016-01-06,22:00:00,98.938,99.59,98.73,99.55,13239942,0
2016-01-07,16:00:00,97.553,98.492,96.644,97.86,12155610,0
2016-01-07,17:00:00,97.86,98.858,97.307,98.65,10721062,0
2016-01-07,18:00:00,98.657,98.987,97.682,97.875,6480171,0
2016-01-07,19:00:00,97.88,97.998,96.951,97.049,5714921,0
2016-01-07,20:00:00,97.063,97.109,96.555,96.665,9850632,0
2016-01-07,21:00:00,96.673,96.753,95.576,96.06,9834674,0
2016-01-07,22:00:00,96.041,96.357,95.33,95.348,17793817,0
2016-01-08,16:00:00,97.425,97.978,96.585,97.959,12035790,0
2016-01-08,17:00:00,97.954,97.969,96.199,96.52,9967977,0
2016-01-08,18:00:00,96.525,96.831,95.656,96.812,9090359,0
2016-01-08,19:00:00,96.822,97.781,96.703,97.36,9128730,0
2016-01-08,20:00:00,97.356,97.82,97.119,97.365,5464171,0
2016-01-08,21:00:00,97.368,97.436,96.308,96.525,6078282,0
2016-01-08,22:00:00,96.515,96.871,95.794,95.853,12269728,0
2016-01-11,16:00:00,97.741,97.929,96.229,96.841,6721306,0
2016-01-11,17:00:00,96.827,97.336,96.555,96.634,7305695,0
2016-01-11,18:00:00,96.615,97.336,96.387,97.158,5537031,0
2016-01-11,19:00:00,97.158,97.326,96.644,96.901,4252131,0
2016-01-11,20:00:00,96.901,97.104,96.466,96.579,4562643,0
2016-01-11,21:00:00,96.575,97.465,96.525,96.951,5708342,0
2016-01-11,22:00:00,96.941,97.726,96.387,97.405,10960172,0
2016-01-12,16:00:00,99.405,99.54,98.69,99.226,8951124,0
2016-01-12,17:00:00,99.236,99.474,98.236,98.582,7672905,0
2016-01-12,18:00:00,98.588,98.67,97.978,98.529,5169061,0
2016-01-12,19:00:00,98.512,98.73,97.9,98.097,4076384,0
2016-01-12,20:00:00,98.083,98.552,98.068,98.166,3404092,0
2016-01-12,21:00:00,98.176,98.582,97.711,98.486,5232574,0
2016-01-12,22:00:00,98.489,99.077,98.068,98.819,9720623,0
2016-01-13,16:00:00,99.176,99.67,98.74,99.315,7745501,0
2016-01-13,17:00:00,99.305,99.62,98.71,99.117,7916702,0
2016-01-13,18:00:00,99.107,100.03,98.938,99.56,7528225,0
2016-01-13,19:00:00,99.56,99.6,98.77,98.977,5566598,0
2016-01-13,20:00:00,98.977,99.037,97.139,97.287,7038671,0
2016-01-13,21:00:00,97.277,97.781,96.733,97.029,8229989,0
2016-01-13,22:00:00,97.029,97.543,96.189,96.259,13938845,0
2016-01-14,16:00:00,96.841,96.901,94.667,94.884,8961598,0
2016-01-14,17:00:00,94.884,97.197,94.647,96.793,12479019,0
2016-01-14,18:00:00,96.812,97.207,96.16,97.049,5737179,0
2016-01-14,19:00:00,97.049,97.593,96.615,97.405,4832129,0
2016-01-14,20:00:00,97.405,98.444,97.326,98.336,5586917,0
2016-01-14,21:00:00,98.344,99.027,98.296,98.908,7329836,0
2016-01-14,22:00:00,98.908,99.335,98.216,98.384,12653792,0
2016-01-15,16:00:00,95.102,96.387,94.776,95.859,11088888,0
2016-01-15,17:00:00,95.889,96.239,94.924,94.987,9123361,0
2016-01-15,18:00:00,94.976,95.428,94.687,94.954,8572642,0
2016-01-15,19:00:00,94.944,95.556,94.271,95.468,9057638,0
2016-01-15,20:00:00,95.458,96.417,95.32,96.1,8771570,0
2016-01-15,21:00:00,96.11,96.485,95.606,96.407,6975206,0
2016-01-15,22:00:00,96.397,96.595,95.636,95.942,13472239,0
2016-01-19,16:00:00,97.207,97.524,96.535,96.783,6300046,0
2016-01-19,17:00:00,96.743,96.981,95.784,95.902,7392669,0
2016-01-19,18:00:00,95.892,96.071,95.132,95.373,6382136,0
2016-01-19,19:00:00,95.348,95.744,95.072,95.488,4694890,0
2016-01-19,20:00:00,95.488,95.764,95.092,95.2,4075538,0
2016-01-19,21:00:00,95.171,95.23,94.41,94.815,6504909,0
2016-01-19,22:00:00,94.786,95.892,94.696,95.556,10123424,0
2016-01-20,16:00:00,94.015,94.38,93.342,93.421,8355435,0
2016-01-20,17:00:00,93.431,93.727,92.354,92.432,10900177,0
2016-01-20,18:00:00,92.442,93.777,92.384,93.006,8794497,0
2016-01-20,19:00:00,93.006,93.569,92.625,93.491,7084575,0
2016-01-20,20:00:00,93.481,94.706,93.065,94.505,8323584,0
2016-01-20,21:00:00,94.507,95.142,94.123,94.766,7087714,0
2016-01-20,22:00:00,94.746,97.069,94.618,95.72,16823969,0
2016-01-21,16:00:00,95.952,96.041,93.857,94.103,6295078,0
2016-01-21,17:00:00,94.153,95.972,94.093,95.32,8674427,0
2016-01-21,18:00:00,95.34,96.663,95.171,96.575,6727073,0
2016-01-21,19:00:00,96.585,96.763,96.051,96.249,5288109,0
2016-01-21,20:00:00,96.254,96.476,95.606,95.723,4756372,0
2016-01-21,21:00:00,95.724,95.883,94.756,95.817,5481458,0
2016-01-21,22:00:00,95.824,95.843,95.062,95.2,7522082,0
2016-01-22,16:00:00,97.504,98.7,97.247,98.69,8401729,0
2016-01-22,17:00:00,98.69,99.037,98.127,98.335,11400351,0
2016-01-22,18:00:00,98.334,98.482,97.771,98.246,7922335,0
2016-01-22,19:00:00,98.236,99.136,98.189,99.027,6839067,0
2016-01-22,20:00:00,99.037,99.246,98.868,99.206,4726423,0
2016-01-22,21:00:00,99.216,99.77,99.117,99.74,7510803,0
2016-01-22,22:00:00,99.75,100.3,99.425,100.26,13572840,0
2016-01-25,16:00:00,100.36,100.37,98.977,99.78,7714260,0
2016-01-25,17:00:00,99.78,100.29,99.246,99.66,7757507,0
2016-01-25,18:00:00,99.65,99.66,99.087,99.335,4749019,0
2016-01-25,19:00:00,99.345,100.05,99.107,99.69,5033556,0
2016-01-25,20:00:00,99.69,99.94,99.345,99.345,3780222,0
2016-01-25,21:00:00,99.355,99.435,99.156,99.266,3614613,0
2016-01-25,22:00:00,99.266,99.365,98.078,98.275,13857631,0
2016-01-26,16:00:00,98.79,98.908,96.951,97.365,7457605,0
2016-01-26,17:00:00,97.348,98.987,97.197,98.603,9554587,0
2016-01-26,18:00:00,98.602,99.64,98.572,99.196,7173915,0
2016-01-26,19:00:00,99.206,99.63,99.067,99.246,4614738,0
2016-01-26,20:00:00,99.246,99.355,98.77,98.977,4759235,0
2016-01-26,21:00:00,98.977,99.73,98.838,99.216,7521251,0
2016-01-26,22:00:00,99.226,99.256,97.909,98.848,16134060,0
2016-01-27,16:00:00,94.944,95.525,93.579,94.236,24310145,0
2016-01-27,17:00:00,94.222,94.459,93.144,93.202,20824633,0
2016-01-27,18:00:00,93.194,94.331,92.966,94.316,17893263,0
2016-01-27,19:00:00,94.321,95.092,94.034,94.222,17209603,0
2016-01-27,20:00:00,94.222,94.647,93.935,94.178,9648879,0
2016-01-27,21:00:00,94.179,94.459,92.818,93.036,14913087,0
2016-01-27,22:00:00,93.026,93.105,92.274,92.375,17275200,0
2016-01-28,16:00:00,92.719,93.273,92.146,92.571,9300666,0
2016-01-28,17:00:00,92.561,92.751,91.335,92.374,12128572,0
2016-01-28,18:00:00,92.374,92.808,91.908,91.948,5906000,0
2016-01-28,19:00:00,91.948,92.878,91.938,92.354,5445989,0
2016-01-28,20:00:00,92.344,92.803,92.176,92.412,4301800,0
2016-01-28,21:00:00,92.403,93.441,92.374,92.823,5564794,0
2016-01-28,22:00:00,92.818,93.323,92.591,93.016,8218383,0
2016-01-29,16:00:00,93.707,94.667,93.273,94.509,7717068,0
2016-01-29,17:00:00,94.509,94.954,94.143,94.489,8890713,0
2016-01-29,18:00:00,94.494,94.726,94.286,94.647,5928398,0
2016-01-29,19:00:00,94.657,95.25,94.47,95.094,7546725,0
2016-01-29,20:00:00,95.092,95.658,94.934,95.606,5683361,0
2016-01-29,21:00:00,95.616,95.804,95.368,95.541,5184167,0
2016-01-29,22:00:00,95.546,96.229,95.463,96.229,18117259,0
2016-02-01,16:00:00,95.368,95.448,94.766,94.964,5456185,0
2016-02-01,17:00:00,94.954,95.34,94.311,95.285,6983739,0
2016-02-01,18:00:00,95.28,95.566,94.894,95.31,5518893,0
2016-02-01,19:00:00,95.33,95.403,94.731,94.825,3556616,0
2016-02-01,20:00:00,94.835,95.152,94.657,95.116,3803288,0
2016-02-01,21:00:00,95.116,95.428,94.967,95.368,3816610,0
2016-02-01,22:00:00,95.358,95.606,95.152,95.33,7327754,0
2016-02-02,16:00:00,94.331,94.944,93.965,94.202,4646383,0
2016-02-02,17:00:00,94.202,94.608,93.955,94.36,4874981,0
2016-02-02,18:00:00,94.37,94.795,94.217,94.242,4182730,0
2016-02-02,19:00:00,94.25,94.4,94.034,94.227,3501607,0
2016-02-02,20:00:00,94.222,94.311,93.827,93.847,3565087,0
2016-02-02,21:00:00,93.848,94.004,93.204,93.223,4513619,0
2016-02-02,22:00:00,93.223,93.827,93.204,93.401,8505145,0
2016-02-03,16:00:00,93.915,94.548,93.777,94.083,3996872,0
2016-02-03,17:00:00,94.083,94.103,93.006,93.426,7501880,0
2016-02-03,18:00:00,93.431,94.083,93.115,93.619,5501364,0
2016-02-03,19:00:00,93.629,93.827,93.223,93.694,3296709,0
2016-02-03,20:00:00,93.689,93.915,93.332,93.362,2922126,0
2016-02-03,21:00:00,93.357,95.448,93.357,95.418,7126713,0
2016-02-03,22:00:00,95.42,95.734,94.964,95.25,10751553,0
2016-02-04,16:00:00,95.28,95.787,94.614,95.29,4090745,0
2016-02-04,17:00:00,95.31,96.741,94.852,96.552,7623583,0
2016-02-04,18:00:00,96.552,96.582,94.882,95.056,5620732,0
2016-02-04,19:00:00,95.061,96.125,94.972,95.778,3907421,0
2016-02-04,20:00:00,95.782,96.027,95.29,95.545,3418371,0
2016-02-04,21:00:00,95.558,95.807,95.161,95.777,3453188,0
2016-02-04,22:00:00,95.767,96.115,95.29,96.015,8270150,0
2016-02-05,16:00:00,95.936,96.333,95.171,95.479,4472639,0
2016-02-05,17:00:00,95.499,95.687,94.405,94.515,7233712,0
2016-02-05,18:00:00,94.524,94.852,94.309,94.634,5295912,0
2016-02-05,19:00:00,94.624,95.002,94.326,94.554,3781882,0
2016-02-05,20:00:00,94.549,94.713,94.046,94.157,3625558,0
2016-02-05,21:00:00,94.148,94.346,93.441,93.64,5657561,0
2016-02-05,22:00:00,93.645,94.137,93.123,93.451,11357686,0
2016-02-08,16:00:00,92.566,94.107,92.477,94.067,7649464,0
2016-02-08,17:00:00,94.057,94.177,92.884,93.411,8251145,0
2016-02-08,18:00:00,93.421,93.908,92.914,93.908,5830543,0
2016-02-08,19:00:00,93.912,94.216,93.511,93.67,4597896,0
2016-02-08,20:00:00,93.665,93.717,93.163,93.232,4113986,0
2016-02-08,21:00:00,93.222,93.421,92.805,93.044,5685959,0
2016-02-08,22:00:00,93.038,95.121,93.004,94.435,13457916,0
2016-02-09,16:00:00,93.719,94.803,93.501,94.221,5879444,0
2016-02-09,17:00:00,94.206,94.703,93.362,93.66,7416745,0
2016-02-09,18:00:00,93.669,94.495,93.65,94.126,4907473,0
2016-02-09,19:00:00,94.117,94.465,93.868,94.087,3359244,0
2016-02-09,20:00:00,94.076,94.276,93.68,94.177,3862971,0
2016-02-09,21:00:00,94.177,95.18,94.128,95.071,6225437,0
2016-02-09,22:00:00,95.071,95.359,94.276,94.415,8448892,0
2016-02-10,16:00:00,95.34,95.633,94.782,95.588,4412716,0
2016-02-10,17:00:00,95.588,95.767,94.644,94.733,6911618,0
2016-02-10,18:00:00,94.736,95.051,94.405,94.684,5013185,0
2016-02-10,19:00:00,94.684,95.051,94.574,95.012,4025098,0
2016-02-10,20:00:00,95.021,95.22,94.544,94.584,3480739,0
2016-02-10,21:00:00,94.584,94.862,94.196,94.276,5916798,0
2016-02-10,22:00:00,94.276,94.654,93.531,93.7,8892373,0
2016-02-11,16:00:00,93.222,94.147,92.994,93.799,5927486,0
2016-02-11,17:00:00,93.8,93.968,92.447,92.547,6147247,0
2016-02-11,18:00:00,92.537,92.735,92.03,92.636,5954579,0
2016-02-11,19:00:00,92.616,92.964,92.322,92.875,3948585,0
2016-02-11,20:00:00,92.879,93.103,92.507,92.621,3788247,0
2016-02-11,21:00:00,92.616,93.635,92.248,93.281,5679032,0
2016-02-11,22:00:00,93.272,93.66,92.964,93.133,10370500,0
2016-02-12,16:00:00,93.62,93.928,92.656,92.706,4898503,0
2016-02-12,17:00:00,92.706,92.974,92.447,92.666,6476349,0
2016-02-12,18:00:00,92.676,93.69,92.676,93.401,5991817,0
2016-02-12,19:00:00,93.401,93.471,93.113,93.183,2829286,0
2016-02-12,20:00:00,93.173,93.212,92.815,92.884,3217551,0
2016-02-12,21:00:00,92.894,93.451,92.87,93.302,4110837,0
2016-02-12,22:00:00,93.302,93.64,93.073,93.421,9249504,0
2016-02-16,16:00:00,94.445,94.892,94.037,94.609,5946657,0
2016-02-16,17:00:00,94.604,94.872,94.266,94.693,6078350,0
2016-02-16,18:00:00,94.693,95.171,94.405,95.166,4838672,0
2016-02-16,19:00:00,95.17,95.56,95.14,95.459,5325415,0
2016-02-16,20:00:00,95.457,95.817,95.364,95.707,4524596,0
2016-02-16,21:00:00,95.702,96.264,95.687,95.906,5741658,0
2016-02-16,22:00:00,95.906,96.194,95.528,95.971,11604031,0
2016-02-17,16:00:00,96.085,96.592,95.568,96.246,6395414,0
2016-02-17,17:00:00,96.254,96.572,96.085,96.493,7268697,0
2016-02-17,18:00:00,96.483,96.801,96.353,96.413,5021914,0
2016-02-17,19:00:00,96.413,97.347,96.383,97.099,4614842,0
2016-02-17,20:00:00,97.119,97.258,96.95,97.089,3143406,0
2016-02-17,21:00:00,97.082,97.616,97.009,97.244,4743106,0
2016-02-17,22:00:00,97.248,97.606,97.059,97.526,9623978,0
2016-02-18,16:00:00,98.242,98.292,97.009,97.039,4537981,0
2016-02-18,17:00:00,97.019,97.079,96.363,96.473,6296482,0
2016-02-18,18:00:00,96.473,96.562,96.214,96.512,3772505,0
2016-02-18,19:00:00,96.508,96.562,95.876,96.174,3713079,0
2016-02-18,20:00:00,96.182,96.413,95.827,96.095,3089435,0
2016-02-18,21:00:00,96.105,96.413,96.005,96.234,2642330,0
2016-02-18,22:00:00,96.244,96.254,95.509,95.677,8538847,0
2016-02-19,16:00:00,95.419,95.996,95.22,95.514,5920590,0
2016-02-19,17:00:00,95.509,96.105,95.27,95.807,5096808,0
2016-02-19,18:00:00,95.797,96.174,95.538,95.668,4022516,0
2016-02-19,19:00:00,95.674,95.896,95.528,95.638,1998457,0
2016-02-19,20:00:00,95.628,95.822,95.499,95.677,2376107,0
2016-02-19,21:00:00,95.68,95.807,95.389,95.424,2904680,0
2016-02-19,22:00:00,95.419,95.808,95.369,95.459,7094644,0
2016-02-22,16:00:00,95.727,96.145,95.34,95.976,5198491,0
2016-02-22,17:00:00,95.967,96.165,95.548,95.692,5064810,0
2016-02-22,18:00:00,95.692,95.807,95.359,95.648,4020598,0
2016-02-22,19:00:00,95.644,95.717,95.424,95.451,2913277,0
2016-02-22,20:00:00,95.449,95.916,95.419,95.886,3070758,0
2016-02-22,21:00:00,95.886,96.135,95.677,96.025,4495517,0
2016-02-22,22:00:00,96.025,96.314,95.817,96.285,6689019,0
2016-02-23,16:00:00,95.817,95.916,95.546,95.598,2917837,0
2016-02-23,17:00:00,95.588,95.638,94.644,94.688,5754745,0
2016-02-23,18:00:00,94.684,95.002,94.515,94.763,3557803,0
2016-02-23,19:00:00,94.753,94.833,94.599,94.721,1642469,0
2016-02-23,20:00:00,94.713,94.723,94.385,94.574,2403459,0
2016-02-23,21:00:00,94.569,94.654,94.281,94.356,2613639,0
2016-02-23,22:00:00,94.356,94.415,93.978,94.117,9249644,0
2016-02-24,16:00:00,93.411,93.928,92.954,92.974,5437947,0
2016-02-24,17:00:00,92.974,93.63,92.755,93.54,5417313,0
2016-02-24,18:00:00,93.531,93.759,92.939,93.66,3235156,0
2016-02-24,19:00:00,93.66,94.306,93.64,94.184,2955323,0
2016-02-24,20:00:00,94.187,94.753,94.177,94.425,3761191,0
2016-02-24,21:00:00,94.425,95.171,94.415,95.151,3721852,0
2016-02-24,22:00:00,95.151,95.797,95.012,95.518,7771592,0
2016-02-25,16:00:00,95.469,95.668,94.674,94.942,3971013,0
2016-02-25,17:00:00,94.952,95.846,94.723,95.429,4202971,0
2016-02-25,18:00:00,95.429,95.618,95.071,95.25,3047778,0
2016-02-25,19:00:00,95.25,95.33,95.021,95.151,1906140,0
2016-02-25,20:00:00,95.151,95.817,95.121,95.727,2610844,0
2016-02-25,21:00:00,95.717,95.767,95.27,95.399,2632486,0
2016-02-25,22:00:00,95.389,96.174,95.389,96.174,6320261,0
2016-02-26,16:00:00,96.612,97.079,96.562,96.91,4225446,0
2016-02-26,17:00:00,96.91,97.139,96.493,97.079,4458915,0
2016-02-26,18:00:00,97.083,97.43,96.731,96.801,4419824,0
2016-02-26,19:00:00,96.791,96.801,96.363,96.512,2865124,0
2016-02-26,20:00:00,96.512,96.731,96.025,96.297,2769626,0
2016-02-26,21:00:00,96.304,96.443,95.996,96.135,2328752,0
2016-02-26,22:00:00,96.135,96.512,96.105,96.324,5390060,0
2016-02-29,16:00:00,96.274,97.099,96.165,96.97,4005251,0
2016-02-29,17:00:00,96.98,97.377,96.721,97.278,3350183,0
2016-02-29,18:00:00,97.268,97.636,97.158,97.412,3615458,0
2016-02-29,19:00:00,97.417,97.477,97.039,97.303,2779729,0
2016-02-29,20:00:00,97.308,97.387,96.95,97.115,2450039,0
2016-02-29,21:00:00,97.109,97.134,96.612,96.761,3174841,0
2016-02-29,22:00:00,96.761,96.761,96.065,96.105,10345235,0
2016-03-01,16:00:00,97.059,97.457,96.83,97.367,4645473,0
2016-03-01,17:00:00,97.367,98.207,97.347,98.109,6909506,0
2016-03-01,18:00:00,98.113,99.395,98.108,99.318,7626345,0
2016-03-01,19:00:00,99.315,99.69,99.136,99.65,7248918,0
2016-03-01,20:00:00,99.66,100.08,99.334,99.66,6422944,0
2016-03-01,21:00:00,99.66,100.1,99.64,100.07,4547338,0
2016-03-01,22:00:00,100.08,100.16,99.63,99.92,9119887,0
2016-03-02,16:00:00,99.9,100.28,99.461,99.57,4709759,0
2016-03-02,17:00:00,99.57,99.75,99.077,99.72,6621045,0
2016-03-02,18:00:00,99.71,99.76,99.246,99.331,3756929,0
2016-03-02,19:00:00,99.327,99.61,99.037,99.484,3073758,0
2016-03-02,20:00:00,99.494,99.56,99.256,99.325,1949496,0
2016-03-02,21:00:00,99.325,99.81,99.047,99.75,3546689,0
2016-03-02,22:00:00,99.75,100.24,99.464,100.14,6765135,0
2016-03-03,16:00:00,99.97,100.92,99.84,100.66,4225495,0
2016-03-03,17:00:00,100.66,101.09,100.45,100.64,6911831,0
2016-03-03,18:00:00,100.64,100.74,100.01,100.21,5252136,0
2016-03-03,19:00:00,100.21,100.38,100.03,100.28,3103408,0
2016-03-03,20:00:00,100.28,100.69,100.21,100.68,2948570,0
2016-03-03,21:00:00,100.69,100.84,100.46,100.82,2702836,0
2016-03-03,22:00:00,100.83,101.05,100.67,100.89,6571146,0
2016-03-04,16:00:00,101.75,101.76,100.76,101.16,5634480,0
2016-03-04,17:00:00,101.18,102.05,100.78,101.96,6104450,0
2016-03-04,18:00:00,101.97,102.47,101.89,102.34,6654397,0
2016-03-04,19:00:00,102.34,102.82,102.1,102.76,4804633,0
2016-03-04,20:00:00,102.76,103.12,102.49,102.9,4582051,0
2016-03-04,21:00:00,102.91,102.96,101.85,102.12,5630572,0
2016-03-04,22:00:00,102.12,102.56,101.96,102.4,7106148,0
2016-03-07,16:00:00,101.77,102.21,101.4,101.43,5462333,0
2016-03-07,17:00:00,101.42,101.73,101.08,101.5,5972898,0
2016-03-07,18:00:00,101.49,101.73,101.27,101.47,4478770,0
2016-03-07,19:00:00,101.48,101.53,101.34,101.39,1830295,0
2016-03-07,20:00:00,101.39,101.49,100.79,101.07,3493768,0
2016-03-07,21:00:00,101.06,101.16,100.67,100.7,3801368,0
2016-03-07,22:00:00,100.7,101.3,100.35,101.25,7273710,0
2016-03-08,16:00:00,100.17,100.5,99.79,100.29,4115063,0
2016-03-08,17:00:00,100.28,100.6,100.06,100.23,4382752,0
2016-03-08,18:00:00,100.25,100.89,100.18,100.83,4288562,0
2016-03-08,19:00:00,100.83,101.14,100.59,100.83,2694615,0
2016-03-08,20:00:00,100.83,101.04,100.51,100.9,2280682,0
2016-03-08,21:00:00,100.89,100.96,100.35,100.57,3245211,0
2016-03-08,22:00:00,100.57,100.9,100.21,100.42,7750789,0
2016-03-09,16:00:00,100.7,100.97,99.66,100.04,4565464,0
2016-03-09,17:00:00,100.04,100.74,100.02,100.2,4408522,0
2016-03-09,18:00:00,100.21,100.82,100.18,100.66,3198793,0
2016-03-09,19:00:00,100.65,100.69,100.26,100.51,2231244,0
2016-03-09,20:00:00,100.49,100.69,100.17,100.62,1969895,0
2016-03-09,21:00:00,100.63,100.7,100.21,100.37,2326632,0
2016-03-09,22:00:00,100.38,100.54,100.2,100.51,5524570,0
2016-03-10,16:00:00,100.8,101.62,100.62,101.59,4296547,0
2016-03-10,17:00:00,101.59,101.62,100.15,100.21,5197032,0
2016-03-10,18:00:00,100.22,100.52,99.84,100.42,4001851,0
2016-03-10,19:00:00,100.4,100.91,99.69,99.83,4540394,0
2016-03-10,20:00:00,99.81,100.14,99.54,99.76,3394696,0
2016-03-10,21:00:00,99.77,100.52,99.68,100.35,2887493,0
2016-03-10,22:00:00,100.32,100.9,100.22,100.56,6133006,0
2016-03-11,16:00:00,101.62,101.63,100.94,101.26,3481156,0
2016-03-11,17:00:00,101.25,101.56,100.89,101.34,3906236,0
2016-03-11,18:00:00,101.35,101.41,101,101.19,2606616,0
2016-03-11,19:00:00,101.19,101.32,101.01,101.2,2249288,0
2016-03-11,20:00:00,101.2,101.32,101.03,101.25,1961859,0
2016-03-11,21:00:00,101.26,101.44,101.19,101.35,1998017,0
2016-03-11,22:00:00,101.36,101.66,101.31,101.61,8180647,0
2016-03-14,15:00:00,101.29,102.01,101.16,101.63,3241298,0
2016-03-14,16:00:00,101.62,102.29,101.48,102.01,4408263,0
2016-03-14,17:00:00,102.01,102.12,101.51,101.56,3110043,0
2016-03-14,18:00:00,101.56,102.06,101.52,102.04,1990783,0
2016-03-14,19:00:00,102.04,102.11,101.82,101.84,1735698,0
2016-03-14,20:00:00,101.83,101.84,101.56,101.67,2256804,0
2016-03-14,21:00:00,101.67,102.12,101.6,101.9,5666256,0
2016-03-15,15:00:00,103.33,104.15,103.22,103.85,7657801,0
2016-03-15,16:00:00,103.84,104.35,103.45,104.27,7100625,0
2016-03-15,17:00:00,104.27,104.54,104.08,104.37,4601030,0
2016-03-15,18:00:00,104.38,104.43,104.07,104.11,3152317,0
2016-03-15,19:00:00,104.12,104.14,103.71,103.99,3110799,0
2016-03-15,20:00:00,103.99,104.09,103.84,104,2393424,0
2016-03-15,21:00:00,104,104.32,103.87,103.95,7541248,0
2016-03-16,15:00:00,103.98,104.59,103.96,104.56,4041153,0
2016-03-16,16:00:00,104.56,104.76,104.32,104.62,4480314,0
2016-03-16,17:00:00,104.62,104.78,104.57,104.74,3467228,0
2016-03-16,18:00:00,104.74,105.14,104.62,104.84,3971971,0
2016-03-16,19:00:00,104.83,104.93,104.37,104.66,2852130,0
2016-03-16,20:00:00,104.66,105.54,104.66,105.27,6756894,0
2016-03-16,21:00:00,105.27,105.67,105.08,105.33,8744546,0
2016-03-17,15:00:00,104.88,104.95,104.32,104.54,5128608,0
2016-03-17,16:00:00,104.54,105.48,104.37,105.34,5453707,0
2016-03-17,17:00:00,105.33,105.6,105.12,105.49,3184714,0
2016-03-17,18:00:00,105.5,105.83,105.31,105.53,4231489,0
2016-03-17,19:00:00,105.52,105.66,105.16,105.39,2609416,0
2016-03-17,20:00:00,105.38,105.54,104.96,104.97,3085732,0
2016-03-17,21:00:00,104.96,105.41,104.93,105.16,6134452,0
2016-03-18,15:00:00,105.7,105.86,104.77,104.87,12399793,0
2016-03-18,16:00:00,104.86,105.34,104.84,105.25,3917936,0
2016-03-18,17:00:00,105.25,105.49,105.06,105.13,3176573,0
2016-03-18,18:00:00,105.14,105.26,105.02,105.22,2458304,0
2016-03-18,19:00:00,105.23,105.23,104.55,105.05,3598352,0
2016-03-18,20:00:00,105.05,105.25,104.97,105.08,2429768,0
2016-03-18,21:00:00,105.07,105.36,105.07,105.28,9778176,0
2016-03-21,15:00:00,105.29,106.27,105.29,106.14,3877713,0
2016-03-21,16:00:00,106.15,109.88,105.79,105.98,4688687,0
2016-03-21,17:00:00,105.99,106.25,105.89,106.1,2828211,0
2016-03-21,18:00:00,106.09,106.14,105.71,105.82,2762058,0
2016-03-21,19:00:00,105.82,106.2,104.5,104.96,7542752,0
2016-03-21,20:00:00,104.96,105.53,104.72,105.12,5033603,0
2016-03-21,21:00:00,105.12,105.29,104.9,105.27,5077109,0
2016-03-22,15:00:00,104.61,106.17,104.57,105.99,5078062,0
2016-03-22,16:00:00,105.99,106.64,105.99,106.45,5825724,0
2016-03-22,17:00:00,106.44,106.51,106.06,106.33,4378429,0
2016-03-22,18:00:00,106.32,106.36,106.07,106.18,2009647,0
2016-03-22,19:00:00,106.17,106.2,105.96,106.15,2242824,0
2016-03-22,20:00:00,106.16,106.49,106.15,106.2,2930408,0
2016-03-22,21:00:00,106.2,106.31,106.02,106.07,6195875,0
2016-03-23,15:00:00,105.84,106.15,105.58,105.64,3380867,0
2016-03-23,16:00:00,105.64,105.93,105.53,105.78,3975548,0
2016-03-23,17:00:00,105.78,106.26,105.66,106.15,3726557,0
2016-03-23,18:00:00,106.16,106.42,106.06,106.15,2396342,0
2016-03-23,19:00:00,106.14,106.36,106.09,106.22,1795416,0
2016-03-23,20:00:00,106.23,106.25,105.47,105.6,3064253,0
2016-03-23,21:00:00,105.6,105.69,105.26,105.49,5050217,0
2016-03-24,15:00:00,104.83,105.61,104.78,104.99,3438387,0
2016-03-24,16:00:00,104.99,105.08,104.26,104.52,5583521,0
2016-03-24,17:00:00,104.53,104.95,104.53,104.95,2896951,0
2016-03-24,18:00:00,104.95,105.08,104.56,104.78,2264458,0
2016-03-24,19:00:00,104.78,104.95,104.67,104.68,1005966,0
2016-03-24,20:00:00,104.79,105.15,104.75,105.05,1659652,0
2016-03-24,21:00:00,105.06,105.21,104.92,105.03,5140890,0
2016-03-28,16:00:00,105.36,105.55,104.58,104.94,3026393,0
2016-03-28,17:00:00,104.93,105.28,104.73,104.92,2727844,0
2016-03-28,18:00:00,104.91,105.12,104.74,105.11,1773906,0
2016-03-28,19:00:00,105.12,105.15,104.75,104.87,1697550,0
2016-03-28,20:00:00,104.88,104.9,104.61,104.76,1674799,0
2016-03-28,21:00:00,104.77,104.87,104.51,104.68,1703425,0
2016-03-28,22:00:00,104.68,104.84,104.42,104.55,4684955,0
2016-03-29,16:00:00,104.26,105.34,104.25,105.29,3272342,0
2016-03-29,17:00:00,105.29,106.19,105.15,106.12,5389861,0
2016-03-29,18:00:00,106.12,106.31,105.73,106.08,3325510,0
2016-03-29,19:00:00,106.07,106.71,106.04,106.58,3886387,0
2016-03-29,20:00:00,106.58,106.85,106.35,106.79,2627380,0
2016-03-29,21:00:00,106.8,107.11,106.72,106.91,3300177,0
2016-03-29,22:00:00,106.9,107.14,106.87,107.05,6582469,0
2016-03-30,16:00:00,107.99,109.51,107.94,109.31,10282680,0
2016-03-30,17:00:00,109.32,109.75,109.02,109.15,7660410,0
2016-03-30,18:00:00,109.15,109.4,108.15,108.54,6151062,0
2016-03-30,19:00:00,108.53,108.78,108.22,108.35,3054282,0
2016-03-30,20:00:00,108.35,108.84,108.09,108.75,3318696,0
2016-03-30,21:00:00,108.74,109.07,108.46,109.05,3219831,0
2016-03-30,22:00:00,109.04,109.24,108.88,108.9,6684870,0
2016-03-31,16:00:00,109.06,109.23,108.43,108.49,3465802,0
2016-03-31,17:00:00,108.5,109.17,108.29,109.08,3812406,0
2016-03-31,18:00:00,109.08,109.14,108.39,108.85,3307041,0
2016-03-31,19:00:00,108.86,108.91,108.56,108.57,1696841,0
2016-03-31,20:00:00,108.57,108.72,108.39,108.5,2014968,0
2016-03-31,21:00:00,108.5,108.62,108.41,108.59,1787433,0
2016-03-31,22:00:00,108.59,108.73,108.22,108.33,6313649,0
2016-04-01,16:00:00,108.12,108.43,107.55,108.02,3733759,0
2016-04-01,17:00:00,108.03,108.93,107.81,108.93,4268087,0
2016-04-01,18:00:00,108.93,109.33,108.74,108.88,3735301,0
2016-04-01,19:00:00,108.87,109.1,108.81,108.93,1482536,0
2016-04-01,20:00:00,108.93,109.21,108.85,109.02,1524036,0
2016-04-01,21:00:00,109.03,109.16,108.87,109.02,1770681,0
2016-04-01,22:00:00,109.02,109.33,108.85,109.32,6404432,0
2016-04-04,16:00:00,109.75,111.03,109.6,111.03,6048806,0
2016-04-04,17:00:00,111.03,111.51,110.73,110.82,7711145,0
2016-04-04,18:00:00,110.81,110.94,110.44,110.9,4074738,0
2016-04-04,19:00:00,110.9,111.29,110.85,111.29,2947799,0
2016-04-04,20:00:00,111.29,111.31,110.64,110.76,3207603,0
2016-04-04,21:00:00,110.75,110.84,110.45,110.62,3153683,0
2016-04-04,22:00:00,110.62,110.73,110.3,110.41,6542489,0
2016-04-05,16:00:00,108.85,109.76,108.76,109.1,4185319,0
2016-04-05,17:00:00,109.12,110.06,109.09,109.64,4608644,0
2016-04-05,18:00:00,109.64,109.77,109.17,109.31,3202841,0
2016-04-05,19:00:00,109.3,109.51,109,109.3,2291503,0
2016-04-05,20:00:00,109.3,109.57,109.05,109.48,2576063,0
2016-04-05,21:00:00,109.48,109.65,109.25,109.56,2239267,0
2016-04-05,22:00:00,109.56,109.59,108.93,109.15,4478774,0
2016-04-06,16:00:00,109.56,109.83,109.01,109.21,3798035,0
2016-04-06,17:00:00,109.21,109.37,108.54,109.23,5012783,0
2016-04-06,18:00:00,109.23,109.58,109.15,109.53,3235819,0
2016-04-06,19:00:00,109.52,109.79,109.47,109.5,1886002,0
2016-04-06,20:00:00,109.5,109.75,109.34,109.41,1719005,0
2016-04-06,21:00:00,109.42,109.56,109.14,109.41,2252607,0
2016-04-06,22:00:00,109.41,110.31,109.35,110.29,5654567,0
2016-04-07,16:00:00,109.28,109.6,108.89,109.25,4490802,0
2016-04-07,17:00:00,109.26,109.75,108.7,108.7,3939306,0
2016-04-07,18:00:00,108.7,108.86,108.36,108.7,3105180,0
2016-04-07,19:00:00,108.7,109.11,108.62,108.81,2364836,0
2016-04-07,20:00:00,108.81,108.91,108.26,108.32,2493726,0
2016-04-07,21:00:00,108.32,108.33,107.72,107.72,3895878,0
2016-04-07,22:00:00,107.72,108.12,107.47,107.88,6626771,0
2016-04-08,16:00:00,108.25,108.89,108.02,108.78,3591248,0
2016-04-08,17:00:00,108.78,109.11,108.69,108.72,3749869,0
2016-04-08,18:00:00,108.73,108.84,108.04,108.32,3083892,0
2016-04-08,19:00:00,108.32,108.34,107.58,108.15,2484839,0
2016-04-08,20:00:00,108.15,108.18,107.56,108.18,1950919,0
2016-04-08,21:00:00,108.18,108.34,107.93,108.04,1638996,0
2016-04-08,22:00:00,108.05,108.07,107.52,108,4935773,0
2016-04-11,16:00:00,108.31,109.77,108.17,109.7,4984430,0
2016-04-11,17:00:00,109.7,109.94,109.35,109.37,5153083,0
2016-04-11,18:00:00,109.36,109.66,108.92,109.27,3449221,0
2016-04-11,19:00:00,109.27,109.51,109.03,109.46,1822789,0
2016-04-11,20:00:00,109.46,109.56,109.06,109.13,1860896,0
2016-04-11,21:00:00,109.12,109.43,108.95,109.4,2082071,0
2016-04-11,22:00:00,109.4,109.41,108.34,108.38,5670422,0
2016-04-12,16:00:00,108.68,109.34,108.46,108.47,4262242,0
2016-04-12,17:00:00,108.48,109.08,108,108.92,5552076,0
2016-04-12,18:00:00,108.92,109.48,108.8,109.02,3101909,0
2016-04-12,19:00:00,109.04,109.32,108.94,109.18,1918477,0
2016-04-12,20:00:00,109.2,109.33,108.91,109.31,2100750,0
2016-04-12,21:00:00,109.31,109.63,109.21,109.61,2935889,0
2016-04-12,22:00:00,109.6,109.83,109.59,109.77,4906892,0
2016-04-13,16:00:00,110.13,111.17,110.13,110.82,4845089,0
2016-04-13,17:00:00,110.83,111.3,110.78,110.94,5223674,0
2016-04-13,18:00:00,110.92,111.52,110.78,111.38,5223343,0
2016-04-13,19:00:00,111.39,111.41,111.04,111.14,1813908,0
2016-04-13,20:00:00,111.14,111.42,110.93,111.4,2742206,0
2016-04-13,21:00:00,111.4,111.66,111.26,111.38,3523413,0
2016-04-13,22:00:00,111.38,111.64,111.23,111.34,6423751,0
2016-04-14,16:00:00,110.94,111.49,110.69,110.88,4180727,0
2016-04-14,17:00:00,110.88,111.07,110.66,111.04,4219727,0
2016-04-14,18:00:00,111.04,111.51,111,111.5,3180123,0
2016-04-14,19:00:00,111.5,111.71,111.33,111.49,2213668,0
2016-04-14,20:00:00,111.48,111.59,111.24,111.29,2081140,0
2016-04-14,21:00:00,111.28,111.51,111.22,111.41,2756813,0
2016-04-14,22:00:00,111.42,111.58,111.3,111.42,4413582,0
2016-04-15,16:00:00,111.43,111.62,110.96,111.1,4847899,0
2016-04-15,17:00:00,111.1,111.28,110.84,111.24,3043597,0
2016-04-15,18:00:00,111.24,111.39,111.16,111.3,1858871,0
2016-04-15,19:00:00,111.3,111.32,111.08,111.09,1366835,0
2016-04-15,20:00:00,111.09,111.12,109.12,109.68,13882995,0
2016-04-15,21:00:00,109.68,109.78,109.12,109.61,5024821,0
2016-04-15,22:00:00,109.6,109.61,109.07,109.19,10246424,0
2016-04-18,16:00:00,108.23,108.29,107.16,107.26,7863316,0
2016-04-18,17:00:00,107.27,107.98,107.25,107.4,7408628,0
2016-04-18,18:00:00,107.4,107.65,107.3,107.44,3948977,0
2016-04-18,19:00:00,107.44,107.65,107.11,107.16,4216130,0
2016-04-18,20:00:00,107.15,107.17,106.5,106.63,4998207,0
2016-04-18,21:00:00,106.63,106.74,106.29,106.47,5144889,0
2016-04-18,22:00:00,106.47,107,106.38,106.83,10904888,0
2016-04-19,16:00:00,107.23,107.31,105.91,106.56,5283214,0
2016-04-19,17:00:00,106.56,107.03,106.29,106.46,5124293,0
2016-04-19,18:00:00,106.46,106.55,106.06,106.09,3279924,0
2016-04-19,19:00:00,106.09,106.22,105.59,106.14,3588009,0
2016-04-19,20:00:00,106.13,106.48,106.03,106.4,2742035,0
2016-04-19,21:00:00,106.41,106.59,106.23,106.35,2607657,0
2016-04-19,22:00:00,106.33,107.35,106.05,106.26,6210482,0
2016-04-20,16:00:00,105.99,106.59,105.42,106.54,4787235,0
2016-04-20,17:00:00,106.54,106.99,106.41,106.82,5144354,0
2016-04-20,18:00:00,106.82,107.32,106.71,107.04,3397943,0
2016-04-20,19:00:00,107.04,107.44,107.02,107.11,2620250,0
2016-04-20,20:00:00,107.11,107.15,106.92,107.04,1873188,0
2016-04-20,21:00:00,107.05,107.11,106.95,106.99,2029418,0
2016-04-20,22:00:00,107,107.09,106.46,106.48,5547606,0
2016-04-21,16:00:00,106.28,106.28,104.88,105.32,6602659,0
2016-04-21,17:00:00,105.32,106.01,105.16,105.78,4984448,0
2016-04-21,18:00:00,105.78,105.92,105.17,105.18,3851951,0
2016-04-21,19:00:00,105.18,105.37,105.05,105.06,2484959,0
2016-04-21,20:00:00,105.06,105.29,104.89,105.27,2651665,0
2016-04-21,21:00:00,105.27,105.45,105.09,105.33,2884446,0
2016-04-21,22:00:00,105.32,105.48,105.28,105.33,4092546,0
2016-04-22,16:00:00,104.37,105.77,104.36,105.76,4599822,0
2016-04-22,17:00:00,105.77,105.84,104.37,104.48,5763031,0
2016-04-22,18:00:00,104.49,104.76,104.17,104.73,3795166,0
2016-04-22,19:00:00,104.73,104.74,104.13,104.18,2474818,0
2016-04-22,20:00:00,104.19,104.53,103.99,104.44,3559625,0
2016-04-22,21:00:00,104.43,104.95,104.37,104.91,3224018,0
2016-04-22,22:00:00,104.91,105.06,104.7,105.04,7135631,0
2016-04-25,16:00:00,104.36,105.01,104.17,104.4,3628556,0
2016-04-25,17:00:00,104.4,104.5,103.95,104.02,4162083,0
2016-04-25,18:00:00,104.02,104.39,103.88,104.26,3239054,0
2016-04-25,19:00:00,104.26,104.49,104.16,104.45,2679367,0
2016-04-25,20:00:00,104.46,104.74,104.32,104.71,3024641,0
2016-04-25,21:00:00,104.72,104.75,104.44,104.53,2492999,0
2016-04-25,22:00:00,104.54,104.59,104.25,104.44,5919679,0
2016-04-26,16:00:00,103.28,104.66,103.28,104.36,5813372,0
2016-04-26,17:00:00,104.36,104.49,103.64,103.82,5416153,0
2016-04-26,18:00:00,103.82,104.1,103.62,104,3554940,0
2016-04-26,19:00:00,104,104.27,103.67,103.69,2852495,0
2016-04-26,20:00:00,103.69,103.91,103.43,103.83,3707383,0
2016-04-26,21:00:00,103.83,104.04,103.51,103.77,4557599,0
2016-04-26,22:00:00,103.77,103.94,103.42,103.72,10434877,0
2016-04-27,16:00:00,95.419,98.113,95.101,96.042,28042271,0
2016-04-27,17:00:00,96.045,97.377,95.956,97.208,20279030,0
2016-04-27,18:00:00,97.213,98.103,97.049,97.795,14758601,0
2016-04-27,19:00:00,97.795,97.834,97.109,97.188,8141162,0
2016-04-27,20:00:00,97.188,97.387,96.865,97.169,6340367,0
2016-04-27,21:00:00,97.168,97.596,96.84,96.96,8340662,0
2016-04-27,22:00:00,96.95,97.377,96.85,97.218,10718397,0
2016-04-28,16:00:00,97.019,97.208,96.005,96.653,8592880,0
2016-04-28,17:00:00,96.652,97.288,96.324,97.198,8401712,0
2016-04-28,18:00:00,97.198,97.248,96.642,96.655,5006201,0
2016-04-28,19:00:00,96.656,96.781,96.319,96.342,4262332,0
2016-04-28,20:00:00,96.333,96.642,96.165,96.234,4906448,0
2016-04-28,21:00:00,96.236,96.363,94.872,94.992,20376499,0
2016-04-28,22:00:00,94.987,95.051,93.68,94.234,23825165,0
2016-04-29,16:00:00,93.421,94.147,93.034,93.211,9963361,0
2016-04-29,17:00:00,93.212,93.252,92.278,92.378,13211176,0
2016-04-29,18:00:00,92.378,92.904,91.95,92.795,11613806,0
2016-04-29,19:00:00,92.785,93.222,92.497,92.848,5767457,0
2016-04-29,20:00:00,92.855,93.491,92.696,92.716,5411908,0
2016-04-29,21:00:00,92.716,92.855,92.407,92.656,5307658,0
2016-04-29,22:00:00,92.656,93.322,92.636,93.183,8152949,0
2016-05-02,16:00:00,93.396,93.511,92,92.003,7313168,0
2016-05-02,17:00:00,92.009,92.904,91.841,92.149,9253945,0
2016-05-02,18:00:00,92.149,92.616,92.129,92.358,4461108,0
2016-05-02,19:00:00,92.358,92.427,92.05,92.218,3800299,0
2016-05-02,20:00:00,92.209,92.51,92.109,92.199,3903421,0
2016-05-02,21:00:00,92.199,93.073,92.119,93.06,5316856,0
2016-05-02,22:00:00,93.058,93.372,92.785,93.083,10189641,0
2016-05-03,16:00:00,93.63,93.918,93.183,93.421,8818933,0
2016-05-03,17:00:00,93.431,93.709,93.113,93.42,8490177,0
2016-05-03,18:00:00,93.421,94.306,93.282,94.045,7344344,0
2016-05-03,19:00:00,94.047,94.505,93.799,94.475,5930633,0
2016-05-03,20:00:00,94.485,95.161,94.385,94.773,7141877,0
2016-05-03,21:00:00,94.783,94.872,94.515,94.703,4578727,0
2016-05-03,22:00:00,94.713,94.992,94.524,94.604,9682361,0
2016-05-04,16:00:00,94.624,95.32,94.405,94.584,6790397,0
2016-05-04,17:00:00,94.585,94.703,93.531,93.729,8524114,0
2016-05-04,18:00:00,93.729,93.978,93.55,93.68,4215786,0
2016-05-04,19:00:00,93.681,93.814,93.431,93.441,3386870,0
2016-05-04,20:00:00,93.451,93.62,93.252,93.461,3289185,0
2016-05-04,21:00:00,93.461,93.779,93.342,93.63,2945637,0
2016-05-04,22:00:00,93.63,93.868,93.54,93.62,7052981,0
2016-05-05,16:00:00,94,94.07,93,93.119,5056862,0
2016-05-05,17:00:00,93.11,93.54,92.83,93.2,5957953,0
2016-05-05,18:00:00,93.2,93.44,93.04,93.1828,3472140,0
2016-05-05,19:00:00,93.18,93.31,92.91,92.9699,2926245,0
2016-05-05,20:00:00,92.9665,93.01,92.68,92.86,3893698,0
2016-05-05,21:00:00,92.86,93.2,92.715,92.985,3495924,0
2016-05-05,22:00:00,92.985,93.24,92.86,93.24,7778272,0
2016-05-06,16:00:00,93.37,93.45,92.81,93.06,3901826,0
2016-05-06,17:00:00,93.055,93.43,92.51,92.65,5537578,0
2016-05-06,18:00:00,92.6499,93,92.1,92.195,5932597,0
2016-05-06,19:00:00,92.199,92.32,91.99,92.21,5794152,0
2016-05-06,20:00:00,92.215,92.47,91.85,92.205,5840189,0
2016-05-06,21:00:00,92.21,92.8,92.21,92.72,5770168,0
2016-05-06,22:00:00,92.72,92.8,92.42,92.72,7411423,0
2016-05-09,16:00:00,93,93.49,92.59,93.25,5179228,0
2016-05-09,17:00:00,93.26,93.77,93.14,93.53,5049603,0
2016-05-09,18:00:00,93.53,93.68,93.29,93.4,2905843,0
2016-05-09,19:00:00,93.4,93.43,93.02,93.0311,2310784,0
2016-05-09,20:00:00,93.04,93.13,92.73,92.7499,2934613,0
2016-05-09,21:00:00,92.742,93.24,92.62,93.1353,3750894,0
2016-05-09,22:00:00,93.135,93.28,92.7,92.82,7222354,0
2016-05-10,16:00:00,93.33,93.39,92.25,92.41,5419557,0
2016-05-10,17:00:00,92.42,93.09,92.11,92.945,7074359,0
2016-05-10,18:00:00,92.94,93.49,92.83,93.44,4706750,0
2016-05-10,19:00:00,93.44,93.57,93.3,93.3099,2560222,0
2016-05-10,20:00:00,93.31,93.35,93.09,93.245,2202196,0
2016-05-10,21:00:00,93.24,93.26,92.87,93.1688,3430782,0
2016-05-10,22:00:00,93.17,93.47,93.135,93.39,5441499,0
2016-05-11,16:00:00,93.48,93.5,92.66,93.03,3950413,0
2016-05-11,17:00:00,93.03,93.57,92.8,93.22,4588489,0
2016-05-11,18:00:00,93.21,93.31,92.81,93.0901,4194908,0
2016-05-11,19:00:00,93.09,93.32,92.94,93.01,1896953,0
2016-05-11,20:00:00,93.01,93.02,92.77,92.77,2082410,0
2016-05-11,21:00:00,92.77,92.8906,92.6,92.64,2457444,0
2016-05-11,22:00:00,92.65,92.81,92.46,92.51,5002046,0
2016-05-12,16:00:00,92.72,92.78,90.85,90.94,10152467,0
2016-05-12,17:00:00,90.94,91.21,90.1,90.17,16014830,0
2016-05-12,18:00:00,90.17,90.33,89.47,89.9168,15552838,0
2016-05-12,19:00:00,89.91,90.32,89.78,90.2671,6678149,0
2016-05-12,20:00:00,90.27,90.33,89.89,90.245,5471067,0
2016-05-12,21:00:00,90.245,90.77,90.09,90.57,6722685,0
2016-05-12,22:00:00,90.579,90.81,90.13,90.32,9366282,0
2016-05-13,16:00:00,90,91.32,90,90.65,8783614,0
2016-05-13,17:00:00,90.65,91.33,90.61,91.133,6866325,0
2016-05-13,18:00:00,91.14,91.67,91.1367,91.33,5512800,0
2016-05-13,19:00:00,91.33,91.4,90.77,90.817,3410258,0
2016-05-13,20:00:00,90.82,90.95,90.2,90.32,4217310,0
2016-05-13,21:00:00,90.32,90.57,90.16,90.2565,3679772,0
2016-05-13,22:00:00,90.26,90.69,90.17,90.52,7674352,0
2016-05-16,16:00:00,92.39,92.95,91.65,92.7001,10258518,0
2016-05-16,17:00:00,92.7088,93.75,92.66,93.57,11156082,0
2016-05-16,18:00:00,93.58,93.87,93.14,93.75,6810160,0
2016-05-16,19:00:00,93.75,93.9,93.42,93.64,4354778,0
2016-05-16,20:00:00,93.64,94,93.56,93.97,4267184,0
2016-05-16,21:00:00,93.98,94.32,93.93,94.095,6274615,0
2016-05-16,22:00:00,94.1,94.39,93.84,93.88,10775357,0
2016-05-17,16:00:00,94.55,94.7,93.44,93.8099,9089214,0
2016-05-17,17:00:00,93.788,93.98,93.34,93.805,6877231,0
2016-05-17,18:00:00,93.8,94.2,93.62,94.02,4983108,0
2016-05-17,19:00:00,94.025,94.24,93.645,93.74,3765214,0
2016-05-17,20:00:00,93.75,93.98,93.53,93.54,3138636,0
2016-05-17,21:00:00,93.54,93.678,93.14,93.31,5111051,0
2016-05-17,22:00:00,93.31,93.5,93.01,93.49,8640882,0
2016-05-18,16:00:00,94.16,94.68,93.89,94.34,6249134,0
2016-05-18,17:00:00,94.34,95.02,94.1938,94.62,6260358,0
2016-05-18,18:00:00,94.63,94.91,94.51,94.74,4013149,0
2016-05-18,19:00:00,94.75,94.89,94.46,94.8807,3404251,0
2016-05-18,20:00:00,94.89,95.21,94.87,94.9898,3707608,0
2016-05-18,21:00:00,94.99,94.9999,94.05,94.47,6868559,0
2016-05-18,22:00:00,94.47,94.78,94.19,94.56,7781689,0
2016-05-19,16:00:00,94.64,94.64,93.65,93.72,5111700,0
2016-05-19,17:00:00,93.71,94.16,93.65,93.71,4724749,0
2016-05-19,18:00:00,93.71,93.97,93.57,93.85,3318445,0
2016-05-19,19:00:00,93.842,94.1,93.6,93.69,2227847,0
2016-05-19,20:00:00,93.68,94.22,93.6527,93.9799,2661227,0
2016-05-19,21:00:00,93.98,94.16,93.66,93.69,2486345,0
2016-05-19,22:00:00,93.7,94.39,93.69,94.2,4746809,0
2016-05-20,16:00:00,94.64,95.1,94.52,94.98,5609004,0
2016-05-20,17:00:00,94.99,95.17,94.74,94.88,4990478,0
2016-05-20,18:00:00,94.87,95.2,94.86,95.1608,3256255,0
2016-05-20,19:00:00,95.1669,95.39,95.08,95.35,2737178,0
2016-05-20,20:00:00,95.35,95.43,94.94,95.09,3398139,0
2016-05-20,21:00:00,95.09,95.185,95.01,95.11,1823510,0
2016-05-20,22:00:00,95.12,95.25,94.93,95.22,5714075,0
2016-05-23,16:00:00,95.87,96.9,95.67,96.68,7795725,0
2016-05-23,17:00:00,96.68,97.19,96.65,96.96,6570976,0
2016-05-23,18:00:00,96.95,96.98,96.53,96.58,3748361,0
2016-05-23,19:00:00,96.58,96.87,96.471,96.8,2648343,0
2016-05-23,20:00:00,96.804,96.97,96.67,96.875,2193370,0
2016-05-23,21:00:00,96.8789,96.95,96.55,96.63,2429021,0
2016-05-23,22:00:00,96.63,96.7,96.32,96.43,8053649,0
2016-05-24,16:00:00,97.22,97.38,96.84,97.23,6203848,0
2016-05-24,17:00:00,97.23,97.53,97.1701,97.47,5375408,0
2016-05-24,18:00:00,97.48,97.74,97.47,97.735,3370936,0
2016-05-24,19:00:00,97.7364,97.97,97.59,97.97,3033417,0
2016-05-24,20:00:00,97.97,98.03,97.651,97.77,3199401,0
2016-05-24,21:00:00,97.76,97.95,97.7,97.8353,2546792,0
2016-05-24,22:00:00,97.8399,98.09,97.78,97.9,5269560,0
2016-05-25,16:00:00,98.67,98.69,98.11,98.59,5119375,0
2016-05-25,17:00:00,98.5895,99.15,98.54,98.91,6293805,0
2016-05-25,18:00:00,98.91,99.03,98.59,99,3526300,0
2016-05-25,19:00:00,98.995,99.49,98.95,99.47,3592234,0
2016-05-25,20:00:00,99.47,99.74,99.43,99.53,4157442,0
2016-05-25,21:00:00,99.535,99.589,99.3,99.32,3404222,0
2016-05-25,22:00:00,99.32,99.73,99.14,99.6,5605160,0
2016-05-26,16:00:00,99.68,99.9,98.64,99.06,7736697,0
2016-05-26,17:00:00,99.06,99.48,98.955,98.97,4829022,0
2016-05-26,18:00:00,98.96,99.42,98.91,99.2743,3726826,0
2016-05-26,19:00:00,99.2795,99.655,99.2,99.6,2881117,0
2016-05-26,20:00:00,99.61,100.2557,99.59,100.17,5050396,0
2016-05-26,21:00:00,100.17,100.49,100.122,100.3099,3839348,0
2016-05-26,22:00:00,100.305,100.73,100.28,100.41,7716423,0
2016-05-27,16:00:00,99.44,100.06,99.245,100.04,6879358,0
2016-05-27,17:00:00,100.0492,100.47,99.71,99.865,6670307,0
2016-05-27,18:00:00,99.87,100.2,99.72,99.97,3824116,0
2016-05-27,19:00:00,99.97,100.02,99.9,99.995,2349890,0
2016-05-27,20:00:00,99.9935,100.04,99.8,99.83,2746573,0
2016-05-27,21:00:00,99.83,100.09,99.75,100.0801,2493358,0
2016-05-27,22:00:00,100.085,100.35,99.93,100.35,6194387,0
2016-05-31,16:00:00,99.6,100.4,99.54,100.169,5479459,0
2016-05-31,17:00:00,100.165,100.28,99.8,99.88,4822681,0
2016-05-31,18:00:00,99.88,100.1,99.8,99.8822,3397139,0
2016-05-31,19:00:00,99.88,99.88,99.595,99.805,3522405,0
2016-05-31,20:00:00,99.8099,99.88,99.67,99.711,2009144,0
2016-05-31,21:00:00,99.71,99.71,98.82,98.9501,4621161,0
2016-05-31,22:00:00,98.96,99.98,98.89,99.86,12800370,0
2016-06-01,16:00:00,99.02,99.4917,98.76,98.99,4237747,0
2016-06-01,17:00:00,98.99,99.45,98.87,99.3038,4053090,0
2016-06-01,18:00:00,99.31,99.54,98.88,99.17,4115777,0
2016-06-01,19:00:00,99.16,99.226,99.055,99.22,1780826,0
2016-06-01,20:00:00,99.22,99.24,98.89,98.99,2124675,0
2016-06-01,21:00:00,99,99.18,98.9,99.005,2383610,0
2016-06-01,22:00:00,99.01,99.03,98.33,98.46,8008694,0
2016-06-02,16:00:00,97.6,97.73,96.63,97.028,8762785,0
2016-06-02,17:00:00,97.02,97.55,96.94,97.52,5819639,0
2016-06-02,18:00:00,97.52,97.84,97.22,97.26,4395072,0
2016-06-02,19:00:00,97.2657,97.3199,96.77,97.285,4886329,0
2016-06-02,20:00:00,97.285,97.38,97.07,97.305,2914015,0
2016-06-02,21:00:00,97.31,97.77,97.3011,97.62,3479344,0
2016-06-02,22:00:00,97.6297,97.79,97.53,97.72,5900172,0
2016-06-03,16:00:00,97.79,98.27,97.69,97.87,4575431,0
2016-06-03,17:00:00,97.87,98.05,97.45,97.7599,5351809,0
2016-06-03,18:00:00,97.76,98.164,97.6,98.11,3215819,0
2016-06-03,19:00:00,98.12,98.2,97.8575,97.864,2129659,0
2016-06-03,20:00:00,97.86,98.036,97.78,98,1639386,0
2016-06-03,21:00:00,98,98.06,97.7,97.94,2390657,0
2016-06-03,22:00:00,97.93,98.1,97.84,97.92,4905622,0
2016-06-06,16:00:00,97.99,98.92,97.55,98.7,4584115,0
2016-06-06,17:00:00,98.6933,98.92,98.61,98.8991,2987912,0
2016-06-06,18:00:00,98.9,99.06,98.8,98.98,2607270,0
2016-06-06,19:00:00,98.9899,99.01,98.51,98.73,2562557,0
2016-06-06,20:00:00,98.73,98.99,98.66,98.9701,1730633,0
2016-06-06,21:00:00,98.98,101.89,98.81,98.8301,2195054,0
2016-06-06,22:00:00,98.83,98.935,98.63,98.63,4606356,0
2016-06-07,16:00:00,99.25,99.8,99.2,99.75,3782914,0
2016-06-07,17:00:00,99.76,99.87,99.2807,99.37,3710183,0
2016-06-07,18:00:00,99.37,99.57,99.25,99.313,2574195,0
2016-06-07,19:00:00,99.31,99.5,99.3025,99.445,1618982,0
2016-06-07,20:00:00,99.45,99.46,99.29,99.31,1372368,0
2016-06-07,21:00:00,99.31,99.48,99.09,99.15,1744536,0
2016-06-07,22:00:00,99.15,99.3,98.96,99.03,5337671,0
2016-06-08,16:00:00,99.02,99.56,99.02,99.485,2493273,0
2016-06-08,17:00:00,99.49,99.51,98.73,98.7443,3947518,0
2016-06-08,18:00:00,98.741,99.22,98.68,99.06,2502482,0
2016-06-08,19:00:00,99.07,99.1609,98.94,99.07,1304455,0
2016-06-08,20:00:00,99.08,99.14,98.855,98.91,1688739,0
2016-06-08,21:00:00,98.91,99.1,98.87,98.9417,1769736,0
2016-06-08,22:00:00,98.95,99.06,98.79,98.94,4603969,0
2016-06-09,16:00:00,98.5,99.55,98.46,99.39,4429421,0
2016-06-09,17:00:00,99.399,99.7,99.18,99.59,4348032,0
2016-06-09,18:00:00,99.5825,99.98,99.53,99.8731,3418433,0
2016-06-09,19:00:00,99.87,99.8753,99.5124,99.73,2171806,0
2016-06-09,20:00:00,99.72,99.99,99.56,99.708,2641811,0
2016-06-09,21:00:00,99.71,99.89,99.55,99.64,2486692,0
2016-06-09,22:00:00,99.65,99.79,99.6,99.65,4205480,0
2016-06-10,16:00:00,98.53,99.1,98.51,98.59,5003000,0
2016-06-10,17:00:00,98.6,99,98.48,98.79,4945034,0
2016-06-10,18:00:00,98.79,99.13,98.759,99.0299,2806455,0
2016-06-10,19:00:00,99.029,99.3457,98.81,99.29,2992518,0
2016-06-10,20:00:00,99.29,99.3,98.9,98.96,2663461,0
2016-06-10,21:00:00,98.9501,99.03,98.87,98.99,2123232,0
2016-06-10,22:00:00,98.9916,99.11,98.79,98.84,5115119,0
2016-06-13,16:00:00,98.69,99.12,97.53,97.68,5777583,0
2016-06-13,17:00:00,97.68,97.9,97.1,97.631,7248581,0
2016-06-13,18:00:00,97.64,97.89,97.4,97.47,3809128,0
2016-06-13,19:00:00,97.46,97.64,97.31,97.56,3147643,0
2016-06-13,20:00:00,97.57,97.63,97.3475,97.37,2935971,0
2016-06-13,21:00:00,97.3635,98.05,97.25,97.74,4246344,0
2016-06-13,22:00:00,97.75,97.8199,97.24,97.34,6882950,0
2016-06-14,16:00:00,97.32,98.475,97.32,98.3328,4638441,0
2016-06-14,17:00:00,98.33,98.43,96.95,97.03,6114409,0
2016-06-14,18:00:00,97.03,97.2,96.75,96.86,4549818,0
2016-06-14,19:00:00,96.86,97.48,96.855,97.2899,2878104,0
2016-06-14,20:00:00,97.29,97.37,96.87,96.955,2306663,0
2016-06-14,21:00:00,96.95,97.3099,96.92,97,2416006,0
2016-06-14,22:00:00,97,97.59,96.94,97.46,5892980,0
2016-06-15,16:00:00,97.82,98.41,97.8,98.04,3944631,0
2016-06-15,17:00:00,98.09,98.2899,97.91,98.21,2229802,0
2016-06-15,18:00:00,98.2053,98.41,98.07,98.24,2680492,0
2016-06-15,19:00:00,98.23,98.23,97.77,97.78,2263001,0
2016-06-15,20:00:00,97.7801,98.06,97.66,97.89,1929318,0
2016-06-15,21:00:00,97.91,98.21,97.75,97.8199,3485814,0
2016-06-15,22:00:00,97.81,97.85,97.03,97.14,7687697,0
2016-06-16,16:00:00,96.45,96.7167,96.2,96.44,4289680,0
2016-06-16,17:00:00,96.431,96.76,96.07,96.3,5002956,0
2016-06-16,18:00:00,96.29,96.59,96.185,96.391,3014113,0
2016-06-16,19:00:00,96.4,97.1,96.34,97.0788,3506435,0
2016-06-16,20:00:00,97.079,97.53,97.0538,97.1548,3935690,0
2016-06-16,21:00:00,97.16,97.587,97.1,97.5,2898956,0
2016-06-16,22:00:00,97.5,97.75,97.42,97.565,4535943,0
2016-06-17,16:00:00,96.62,96.65,95.85,96.12,12743403,0
2016-06-17,17:00:00,96.11,96.18,95.355,95.59,8845467,0
2016-06-17,18:00:00,95.59,95.91,95.37,95.6241,4937921,0
2016-06-17,19:00:00,95.63,95.9,95.575,95.65,2812293,0
2016-06-17,20:00:00,95.65,95.98,95.51,95.83,2689561,0
2016-06-17,21:00:00,95.82,95.92,95.66,95.8162,2691570,0
2016-06-17,22:00:00,95.815,95.85,95.3,95.33,15074010,0
2016-06-20,16:00:00,96,96.57,96,96.3001,5813913,0
2016-06-20,17:00:00,96.3,96.55,96.12,96.23,5369464,0
2016-06-20,18:00:00,96.22,96.249,95.62,95.76,4535694,0
2016-06-20,19:00:00,95.77,95.99,95.74,95.9699,2949162,0
2016-06-20,20:00:00,95.97,96.07,95.83,95.95,2460266,0
2016-06-20,21:00:00,95.952,96.02,95.75,95.87,2463485,0
2016-06-20,22:00:00,95.87,95.89,95.03,95.1,7507622,0
2016-06-21,16:00:00,94.94,96.14,94.676,96.1098,6535857,0
2016-06-21,17:00:00,96.11,96.11,95.69,95.92,5867083,0
2016-06-21,18:00:00,95.92,96.31,95.86,96.28,3770168,0
2016-06-21,19:00:00,96.28,96.35,96.005,96.095,3377482,0
2016-06-21,20:00:00,96.09,96.23,95.8,95.9,2862122,0
2016-06-21,21:00:00,95.9,96.27,95.85,96.14,2676350,0
2016-06-21,22:00:00,96.14,96.285,95.9,95.91,6659899,0
2016-06-22,16:00:00,96.25,96.89,96.25,96.6,3620968,0
2016-06-22,17:00:00,96.62,96.87,96.42,96.76,3799840,0
2016-06-22,18:00:00,96.765,96.83,96.3,96.3401,2844187,0
2016-06-22,19:00:00,96.3466,96.39,95.54,95.7601,4389206,0
2016-06-22,20:00:00,95.77,95.84,95.35,95.7399,3464706,0
2016-06-22,21:00:00,95.7308,95.85,95.5902,95.6601,2038202,0
2016-06-22,22:00:00,95.66,95.85,95.365,95.56,4398817,0
2016-06-23,16:00:00,95.94,96.1,95.25,95.7,4905254,0
2016-06-23,17:00:00,95.69,96,95.61,95.95,4976128,0
2016-06-23,18:00:00,95.95,96,95.6,95.7442,3615800,0
2016-06-23,19:00:00,95.7487,95.81,95.62,95.71,2075269,0
2016-06-23,20:00:00,95.71,95.78,95.61,95.78,1980901,0
2016-06-23,21:00:00,95.78,95.81,95.5,95.53,2816773,0
2016-06-23,22:00:00,95.53,96.29,95.39,96.1,8643170,0
2016-06-24,16:00:00,92.91,94.655,92.65,94.2899,9675413,0
2016-06-24,17:00:00,94.26,94.49,93.71,93.8299,7953203,0
2016-06-24,18:00:00,93.8264,94.37,93.57,94.12,5833586,0
2016-06-24,19:00:00,94.13,94.18,93.55,93.65,4321911,0
2016-06-24,20:00:00,93.66,93.9,93.54,93.64,3967780,0
2016-06-24,21:00:00,93.65,93.74,93.025,93.23,5462052,0
2016-06-24,22:00:00,93.225,93.855,92.81,93.4,21767535,0
2016-06-27,16:00:00,93,93.05,91.81,92.13,7085253,0
2016-06-27,17:00:00,92.1385,92.4,91.7,91.7261,7321881,0
2016-06-27,18:00:00,91.72,92.09,91.6,91.985,5565252,0
2016-06-27,19:00:00,91.98,92.2,91.76,91.91,3623616,0
2016-06-27,20:00:00,91.91,92.13,91.6,91.7703,3505952,0
2016-06-27,21:00:00,91.77,91.9243,91.51,91.585,3882870,0
2016-06-27,22:00:00,91.59,92.28,91.5,92.08,9375166,0
2016-06-28,16:00:00,92.9,93.07,92.52,92.9,6385037,0
2016-06-28,17:00:00,92.91,92.96,92.42,92.51,5359993,0
2016-06-28,18:00:00,92.5,92.6,92.14,92.54,4322023,0
2016-06-28,19:00:00,92.55,92.73,92.36,92.72,3196905,0
2016-06-28,20:00:00,92.725,92.88,92.48,92.8141,3283274,0
2016-06-28,21:00:00,92.81,93.28,92.65,93.16,4178087,0
2016-06-28,22:00:00,93.1693,93.66,93.1,93.59,8932987,0
2016-06-29,16:00:00,93.97,94.51,93.82,94.43,4820056,0
2016-06-29,17:00:00,94.42,94.46,93.63,93.7341,6214298,0
2016-06-29,18:00:00,93.74,94.32,93.73,94.31,3991205,0
2016-06-29,19:00:00,94.3,94.5,94.12,94.21,3292292,0
2016-06-29,20:00:00,94.21,94.43,94.13,94.37,2452905,0
2016-06-29,21:00:00,94.368,94.54,94.3,94.3801,3562248,0
2016-06-29,22:00:00,94.38,94.55,94.32,94.4,5902509,0
