Date,Time,Open,High,Low,Close,Volume,OpenInt
2015-12-07,16:00:00,102.58,102.62,101.56,101.74,703527,0
2015-12-07,17:00:00,101.73,102.02,101.32,101.48,857253,0
2015-12-07,18:00:00,101.47,101.47,100.75,101.43,702508,0
2015-12-07,19:00:00,101.42,101.61,101.22,101.28,426140,0
2015-12-07,20:00:00,101.24,101.49,101.11,101.3,423435,0
2015-12-07,21:00:00,101.3,101.46,101.09,101.1,524361,0
2015-12-07,22:00:00,101.11,101.61,101.04,101.41,1497316,0
2015-12-08,16:00:00,100.57,101.58,100.24,101.08,732467,0
2015-12-08,17:00:00,101.08,102.23,101.08,102,992634,0
2015-12-08,18:00:00,102.01,102.54,101.83,102.01,815791,0
2015-12-08,19:00:00,102.02,102.03,101.5,101.77,581833,0
2015-12-08,20:00:00,101.79,102.01,101.41,101.76,494597,0
2015-12-08,21:00:00,101.74,102.39,101.71,102.16,712559,0
2015-12-08,22:00:00,102.17,102.35,101.92,102.02,1387004,0
2015-12-09,16:00:00,101.75,102.27,101.5,101.75,523894,0
2015-12-09,17:00:00,101.79,102.8,101.75,102.5,781994,0
2015-12-09,18:00:00,102.5,102.54,101.23,101.38,731198,0
2015-12-09,19:00:00,101.37,101.54,100.03,100.1,1041000,0
2015-12-09,20:00:00,100.11,100.72,100.07,100.48,909813,0
2015-12-09,21:00:00,100.48,100.56,100.09,100.2,694242,0
2015-12-09,22:00:00,100.17,100.65,100.15,100.45,1917272,0
2015-12-10,16:00:00,100.95,100.95,100.32,100.55,261586,0
2015-12-10,17:00:00,100.5,100.84,100.07,100.5,1210812,0
2015-12-10,18:00:00,100.5,100.71,100.37,100.59,693330,0
2015-12-10,19:00:00,100.58,100.73,100.39,100.59,604807,0
2015-12-10,20:00:00,100.59,100.71,100.41,100.66,694268,0
2015-12-10,21:00:00,100.68,101.56,100.61,101.43,1306708,0
2015-12-10,22:00:00,101.43,101.44,100.8,101.12,1906389,0
2015-12-11,16:00:00,99.87,100.96,99.48,99.54,1001459,0
2015-12-11,17:00:00,99.58,99.88,99.062,99.152,1250920,0
2015-12-11,18:00:00,99.142,99.56,99.062,99.102,670197,0
2015-12-11,19:00:00,99.102,99.122,98.213,98.479,1273944,0
2015-12-11,20:00:00,98.469,99.122,98.45,98.904,887387,0
2015-12-11,21:00:00,98.894,99.351,98.835,99.182,828928,0
2015-12-11,22:00:00,99.192,99.401,98.459,98.567,2114127,0
2015-12-14,16:00:00,98.934,99.89,98.697,99.361,821685,0
2015-12-14,17:00:00,99.381,99.65,98.509,98.875,1132292,0
2015-12-14,18:00:00,98.884,98.924,97.637,98.266,1002536,0
2015-12-14,19:00:00,98.281,98.825,98.261,98.726,1060255,0
2015-12-14,20:00:00,98.722,98.855,98.261,98.597,818165,0
2015-12-14,21:00:00,98.597,99.251,98.301,99.013,804229,0
2015-12-14,22:00:00,99.003,99.5,98.567,99.391,1431731,0
2015-12-15,16:00:00,100.68,101.94,100.39,101.69,1372765,0
2015-12-15,17:00:00,101.7,101.89,101.01,101.06,1598908,0
2015-12-15,18:00:00,101.05,101.42,100.89,101.2,981217,0
2015-12-15,19:00:00,101.2,101.83,101.17,101.6,1291792,0
2015-12-15,20:00:00,101.64,101.66,101.22,101.52,626634,0
2015-12-15,21:00:00,101.52,101.69,101.32,101.39,827410,0
2015-12-15,22:00:00,101.38,101.46,100.88,100.91,3357784,0
2015-12-16,16:00:00,102.12,102.17,101.55,101.7,702577,0
2015-12-16,17:00:00,101.68,101.78,100.76,101.25,910334,0
2015-12-16,18:00:00,101.25,101.34,100.89,101.29,538350,0
2015-12-16,19:00:00,101.32,101.74,101.26,101.44,639233,0
2015-12-16,20:00:00,101.47,101.57,101.14,101.35,707149,0
2015-12-16,21:00:00,101.33,102.08,100.58,102.05,749361,0
2015-12-16,22:00:00,102.08,102.4,101.72,102.31,574084,0
2015-12-17,16:00:00,103.17,103.17,102.36,102.62,711131,0
2015-12-17,17:00:00,102.64,103.71,102.54,102.86,1312440,0
2015-12-17,18:00:00,102.84,102.85,101.44,102.3,1055600,0
2015-12-17,19:00:00,102.29,102.32,101.76,101.92,601336,0
2015-12-17,20:00:00,101.93,102.39,101.86,102.18,555066,0
2015-12-17,21:00:00,102.18,102.23,101.79,101.94,643009,0
2015-12-17,22:00:00,101.95,102.03,101.27,101.3,1772231,0
2015-12-18,16:00:00,100.62,100.93,100.14,100.83,2623895,0
2015-12-18,17:00:00,100.85,100.93,99.89,100.4,1029683,0
2015-12-18,18:00:00,100.39,100.61,100.17,100.34,733525,0
2015-12-18,19:00:00,100.34,100.59,100.02,100.25,559856,0
2015-12-18,20:00:00,100.24,100.66,100.2,100.57,600271,0
2015-12-18,21:00:00,100.57,100.78,100.26,100.33,851269,0
2015-12-18,22:00:00,100.35,100.61,99.88,100.56,2456434,0
2015-12-21,16:00:00,101.15,101.47,100.57,101.01,757114,0
2015-12-21,17:00:00,101.02,102.12,100.95,101.81,1231222,0
2015-12-21,18:00:00,101.81,101.95,101.43,101.85,694727,0
2015-12-21,19:00:00,101.85,102.14,101.77,102.04,737086,0
2015-12-21,20:00:00,102.05,102.18,101.74,101.81,725141,0
2015-12-21,21:00:00,101.82,101.92,101.46,101.54,620717,0
2015-12-21,22:00:00,101.54,101.58,101,101.57,1854162,0
2015-12-22,16:00:00,101.93,102.46,101.82,102.28,712270,0
2015-12-22,17:00:00,102.3,102.45,102.04,102.15,731732,0
2015-12-22,18:00:00,102.17,102.27,101.84,102.03,548330,0
2015-12-22,19:00:00,102.02,102.23,101.87,101.98,617658,0
2015-12-22,20:00:00,101.99,102.01,101.43,101.85,620851,0
2015-12-22,21:00:00,101.85,101.96,101.72,101.95,600014,0
2015-12-22,22:00:00,101.94,101.98,101.48,101.73,1152607,0
2015-12-23,16:00:00,102.51,102.51,101.74,101.98,585400,0
2015-12-23,17:00:00,101.99,102,101.63,101.7,832890,0
2015-12-23,18:00:00,101.71,101.91,101.66,101.89,594160,0
2015-12-23,19:00:00,101.87,101.95,101.78,101.93,903216,0
2015-12-23,20:00:00,101.94,101.96,101.82,101.9,721072,0
2015-12-23,21:00:00,101.9,102.21,101.84,102.13,1153417,0
2015-12-23,22:00:00,102.13,102.16,101.98,102.08,1438244,0
2015-12-24,16:00:00,102.27,102.61,102.09,102.53,485797,0
2015-12-24,17:00:00,102.55,102.81,102.38,102.47,695192,0
2015-12-24,18:00:00,102.47,102.82,102.47,102.82,442429,0
2015-12-24,19:00:00,102.8,102.82,102.47,102.49,535510,0
2015-12-24,20:00:00,102.5,102.5,102.5,102.5,203484,0
2015-12-28,16:00:00,101.94,102.23,101.61,101.72,451324,0
2015-12-28,17:00:00,101.72,101.75,100.7,100.8,763129,0
2015-12-28,18:00:00,100.79,101.03,100.69,100.74,636813,0
2015-12-28,19:00:00,100.73,100.86,100.54,100.54,595948,0
2015-12-28,20:00:00,100.53,100.86,100.48,100.65,499977,0
2015-12-28,21:00:00,100.66,100.74,100.45,100.52,449775,0
2015-12-28,22:00:00,100.54,100.8,100.51,100.62,907716,0
2015-12-29,16:00:00,101.19,101.26,100.51,100.83,741467,0
2015-12-29,17:00:00,100.83,101.76,100.77,101.74,1544361,0
2015-12-29,18:00:00,101.74,102.02,101.68,101.91,923811,0
2015-12-29,19:00:00,101.91,102.02,101.74,102,578743,0
2015-12-29,20:00:00,102,102.32,101.96,102.22,546208,0
2015-12-29,21:00:00,102.22,102.39,102.17,102.24,554619,0
2015-12-29,22:00:00,102.24,102.47,102.06,102.28,1936618,0
2015-12-30,16:00:00,101.78,101.99,101.06,101.27,507338,0
2015-12-30,17:00:00,101.29,101.35,101.02,101.18,692179,0
2015-12-30,18:00:00,101.18,101.42,100.97,101.39,570951,0
2015-12-30,19:00:00,101.38,101.44,101.04,101.25,434907,0
2015-12-30,20:00:00,101.26,101.43,101.1,101.25,400167,0
2015-12-30,21:00:00,101.24,101.37,101.15,101.34,380278,0
2015-12-30,22:00:00,101.33,101.69,101.02,101.14,1005964,0
2015-12-31,16:00:00,101.3,101.36,100.84,100.95,479058,0
2015-12-31,17:00:00,100.94,101.27,100.77,101.03,585347,0
2015-12-31,18:00:00,101.03,101.26,100.53,100.67,620732,0
2015-12-31,19:00:00,100.7,100.84,100.46,100.58,496744,0
2015-12-31,20:00:00,100.57,100.75,100.26,100.74,493079,0
2015-12-31,21:00:00,100.74,100.78,100.34,100.48,515070,0
2015-12-31,22:00:00,100.47,100.6,100.12,100.14,2264475,0
2016-01-04,16:00:00,98.735,98.963,97.232,97.36,1518157,0
2016-01-04,17:00:00,97.36,97.38,96.489,96.583,2214789,0
2016-01-04,18:00:00,96.598,96.598,96.005,96.321,1643758,0
2016-01-04,19:00:00,96.341,96.717,96.113,96.628,1381842,0
2016-01-04,20:00:00,96.648,96.994,96.578,96.796,1152763,0
2016-01-04,21:00:00,96.796,96.895,96.222,96.436,999226,0
2016-01-04,22:00:00,96.43,97.182,96.153,96.994,3594451,0
2016-01-05,16:00:00,98.657,98.716,97.944,98.555,1456754,0
2016-01-05,17:00:00,98.557,98.697,98.152,98.657,1210030,0
2016-01-05,18:00:00,98.653,98.77,97.807,98.092,994884,0
2016-01-05,19:00:00,98.103,98.103,97.677,98.033,624359,0
2016-01-05,20:00:00,98.033,98.627,97.845,98.537,745761,0
2016-01-05,21:00:00,98.537,98.815,98.419,98.706,862131,0
2016-01-05,22:00:00,98.697,98.702,98.211,98.231,1837167,0
2016-01-06,16:00:00,96.559,97.875,96.509,97.479,1251664,0
2016-01-06,17:00:00,97.479,98.607,97.385,98.592,1900990,0
2016-01-06,18:00:00,98.587,99.64,98.577,99.341,1896213,0
2016-01-06,19:00:00,99.351,99.411,98.894,99.003,713048,0
2016-01-06,20:00:00,99.013,99.202,98.845,99.102,628837,0
2016-01-06,21:00:00,99.102,99.57,98.459,98.637,1390356,0
2016-01-06,22:00:00,98.657,99.49,98.429,99.261,2800670,0
2016-01-07,16:00:00,97.044,97.558,96.766,97.268,1233599,0
2016-01-07,17:00:00,97.242,97.974,96.816,97.753,1517358,0
2016-01-07,18:00:00,97.746,97.786,96.846,96.935,1013036,0
2016-01-07,19:00:00,96.934,97.182,96.658,96.717,621379,0
2016-01-07,20:00:00,96.729,96.791,95.935,96.291,1287995,0
2016-01-07,21:00:00,96.301,96.727,95.865,96.005,1378382,0
2016-01-07,22:00:00,95.995,96.261,95.034,95.252,4495121,0
2016-01-08,16:00:00,95.895,96.846,95.421,96.588,1362669,0
2016-01-08,17:00:00,96.603,96.974,96.123,96.737,1790793,0
2016-01-08,18:00:00,96.747,96.905,95.668,96.123,1688109,0
2016-01-08,19:00:00,96.153,96.836,96.143,96.559,1126089,0
2016-01-08,20:00:00,96.549,96.608,96.053,96.271,939737,0
2016-01-08,21:00:00,96.271,96.539,95.856,96.261,1049527,0
2016-01-08,22:00:00,96.251,96.425,95.411,95.45,2793058,0
2016-01-11,16:00:00,96.044,96.213,94.748,94.956,1039382,0
2016-01-11,17:00:00,94.866,95.5,94.243,94.47,1549251,0
2016-01-11,18:00:00,94.44,95.005,93.897,94.831,1603480,0
2016-01-11,19:00:00,94.816,94.846,93.946,94.043,832304,0
2016-01-11,20:00:00,94.075,94.253,93.313,93.579,1297003,0
2016-01-11,21:00:00,93.579,95.084,93.376,94.51,1581265,0
2016-01-11,22:00:00,94.517,95.945,93.797,95.5,3179271,0
2016-01-12,16:00:00,95.895,97.469,95.865,96.795,1171173,0
2016-01-12,17:00:00,96.737,96.815,95.539,95.737,1295172,0
2016-01-12,18:00:00,95.727,95.925,95.232,95.549,905691,0
2016-01-12,19:00:00,95.581,95.817,94.56,94.609,713158,0
2016-01-12,20:00:00,94.609,94.926,94.312,94.51,868322,0
2016-01-12,21:00:00,94.51,95.302,94.223,95.232,1304031,0
2016-01-12,22:00:00,95.232,96.271,94.916,96.093,2360966,0
2016-01-13,16:00:00,96.242,97.014,96.083,96.331,698802,0
2016-01-13,17:00:00,96.331,96.389,95.114,95.5,1030323,0
2016-01-13,18:00:00,95.514,95.837,94.368,94.49,945982,0
2016-01-13,19:00:00,94.49,94.758,93.906,94.104,840922,0
2016-01-13,20:00:00,94.084,94.431,93.371,93.489,848737,0
2016-01-13,21:00:00,93.501,93.629,91.67,92.64,2132186,0
2016-01-13,22:00:00,92.669,92.947,91.165,91.581,3933200,0
2016-01-14,16:00:00,91.759,92.106,90.126,90.235,1855622,0
2016-01-14,17:00:00,90.225,92.274,89.849,91.788,3124651,0
2016-01-14,18:00:00,91.788,91.927,90.671,91.888,1397911,0
2016-01-14,19:00:00,91.893,93.164,91.888,92.808,1310650,0
2016-01-14,20:00:00,92.828,93.817,92.664,93.194,1415552,0
2016-01-14,21:00:00,93.213,93.569,92.857,93.511,1407316,0
2016-01-14,22:00:00,93.496,93.897,91.927,92.056,3430599,0
2016-01-15,16:00:00,89.434,91.818,88.751,90.185,2840868,0
2016-01-15,17:00:00,90.198,91.541,89.948,90.611,1870006,0
2016-01-15,18:00:00,90.611,91.393,90.175,91.027,1356488,0
2016-01-15,19:00:00,91.007,91.125,90.146,91.086,1816639,0
2016-01-15,20:00:00,91.066,91.135,90.215,90.611,1190452,0
2016-01-15,21:00:00,90.601,91.462,90.156,91.432,1536803,0
2016-01-15,22:00:00,91.432,91.695,90.69,90.799,4012398,0
2016-01-19,16:00:00,92.036,92.254,89.948,90.69,1472524,0
2016-01-19,17:00:00,90.641,91.135,89.562,89.602,1786584,0
2016-01-19,18:00:00,89.582,90.106,89.453,89.602,1321176,0
2016-01-19,19:00:00,89.602,89.78,89.003,89.404,1242204,0
2016-01-19,20:00:00,89.404,89.632,89.146,89.285,956661,0
2016-01-19,21:00:00,89.285,89.424,87.929,88.225,1753983,0
2016-01-19,22:00:00,88.197,89.492,88.117,88.968,4161270,0
2016-01-20,16:00:00,87.088,88.395,86.375,86.81,2058921,0
2016-01-20,17:00:00,86.81,87.335,86.237,86.514,2542617,0
2016-01-20,18:00:00,86.544,87.662,86.34,86.494,2147864,0
2016-01-20,19:00:00,86.472,86.88,85.385,86.85,2193208,0
2016-01-20,20:00:00,86.85,88.829,86.355,88.691,2165563,0
2016-01-20,21:00:00,88.651,89.334,88.127,88.819,2251284,0
2016-01-20,22:00:00,88.81,90.879,88.651,89.612,4813542,0
2016-01-21,16:00:00,89.434,89.57,87.969,88.345,1417958,0
2016-01-21,17:00:00,88.335,89.66,88.177,88.325,1959281,0
2016-01-21,18:00:00,88.335,88.967,88.107,88.592,1866163,0
2016-01-21,19:00:00,88.602,89.146,88.29,88.382,1240038,0
2016-01-21,20:00:00,88.385,88.859,88.187,88.345,810404,0
2016-01-21,21:00:00,88.385,88.721,87.791,88.375,1263341,0
2016-01-21,22:00:00,88.413,88.707,87.86,87.949,2369904,0
2016-01-22,16:00:00,89.462,90.057,88.78,89.958,1186459,0
2016-01-22,17:00:00,89.958,90.769,89.829,90.115,1365022,0
2016-01-22,18:00:00,90.128,90.407,89.823,89.867,1118412,0
2016-01-22,19:00:00,89.849,90.423,89.849,90.383,810469,0
2016-01-22,20:00:00,90.344,90.859,90.188,90.804,595704,0
2016-01-22,21:00:00,90.799,91.115,90.69,91.066,864694,0
2016-01-22,22:00:00,91.076,91.115,90.591,90.879,2155394,0
2016-01-25,16:00:00,90.581,91.095,89.878,90.453,882382,0
2016-01-25,17:00:00,90.453,91.462,90.433,91.215,1067139,0
2016-01-25,18:00:00,91.205,92.567,91.095,92.274,1317272,0
2016-01-25,19:00:00,92.269,92.352,91.492,91.551,757542,0
2016-01-25,20:00:00,91.541,91.937,91.205,91.303,562473,0
2016-01-25,21:00:00,91.294,91.413,90.869,91.115,900161,0
2016-01-25,22:00:00,91.115,91.373,89.492,89.67,2806815,0
2016-01-26,16:00:00,89.78,90.269,89.314,89.434,953609,0
2016-01-26,17:00:00,89.434,91.3,89.434,90.631,1052749,0
2016-01-26,18:00:00,90.611,91.333,90.601,91.016,691525,0
2016-01-26,19:00:00,91.027,91.68,91.027,91.527,592182,0
2016-01-26,20:00:00,91.521,91.868,91.502,91.66,689866,0
2016-01-26,21:00:00,91.65,91.71,90.907,91.225,787886,0
2016-01-26,22:00:00,91.225,91.472,90.829,91.254,1394852,0
2016-01-27,16:00:00,90.887,91.145,89.858,89.997,886077,0
2016-01-27,17:00:00,89.958,90.007,89.087,89.472,1670524,0
2016-01-27,18:00:00,89.462,90.027,88.919,89.878,1675298,0
2016-01-27,19:00:00,89.908,90.413,89.8,90.166,841969,0
2016-01-27,20:00:00,90.15,90.324,89.834,90.126,701619,0
2016-01-27,21:00:00,90.136,90.334,89.008,89.077,1375587,0
2016-01-27,22:00:00,89.057,89.077,88.077,88.701,4110780,0
2016-01-28,16:00:00,89.067,89.285,87.384,87.464,1084975,0
2016-01-28,17:00:00,87.434,87.662,85.959,87.632,2752700,0
2016-01-28,18:00:00,87.632,88.147,86.573,86.89,1462457,0
2016-01-28,19:00:00,86.89,87.974,86.8,87.523,1138015,0
2016-01-28,20:00:00,87.504,87.583,86.613,86.81,1106401,0
2016-01-28,21:00:00,86.821,87.454,86.81,86.87,1215992,0
2016-01-28,22:00:00,86.86,87.563,86.524,86.622,4016981,0
2016-01-29,16:00:00,83.407,84.416,81.694,84.153,6811156,0
2016-01-29,17:00:00,84.168,84.376,82.407,82.684,5311606,0
2016-01-29,18:00:00,82.664,83.109,81.852,81.872,3427638,0
2016-01-29,19:00:00,81.892,82.456,81.556,82.09,4170739,0
2016-01-29,20:00:00,82.09,82.258,81.684,82.155,2699840,0
2016-01-29,21:00:00,82.16,82.654,81.674,81.764,2762685,0
2016-01-29,22:00:00,81.764,82.228,81.476,82.14,7678249,0
2016-02-01,16:00:00,81.467,83.644,81.427,82.951,2627120,0
2016-02-01,17:00:00,82.971,83.327,82.248,83.079,2778754,0
2016-02-01,18:00:00,83.069,83.267,82.644,83.016,1976099,0
2016-02-01,19:00:00,83.021,83.094,81.813,82.011,1699279,0
2016-02-01,20:00:00,82.011,82.288,81.754,82.155,1600892,0
2016-02-01,21:00:00,82.151,82.823,81.962,82.763,1509516,0
2016-02-01,22:00:00,82.753,83.436,82.721,83.15,3718825,0
2016-02-02,16:00:00,83.307,83.347,82.526,82.723,1572505,0
2016-02-02,17:00:00,82.728,83.229,82.427,82.491,2254167,0
2016-02-02,18:00:00,82.506,82.557,81.734,81.744,1576722,0
2016-02-02,19:00:00,81.754,82.238,81.041,82.15,2115964,0
2016-02-02,20:00:00,82.15,82.228,81.625,81.738,885187,0
2016-02-02,21:00:00,81.744,81.982,81.486,81.872,1207467,0
2016-02-02,22:00:00,81.872,82.407,81.526,81.847,4319201,0
2016-02-03,16:00:00,84.03,85.109,83.763,84.188,4148678,0
2016-02-03,17:00:00,84.148,84.634,83.001,84.442,4914568,0
2016-02-03,18:00:00,84.446,84.629,83.901,84.476,2817861,0
2016-02-03,19:00:00,84.466,84.851,84.119,84.356,1712380,0
2016-02-03,20:00:00,84.326,84.524,84.109,84.168,1321062,0
2016-02-03,21:00:00,84.188,86.088,84.178,85.534,3170076,0
2016-02-03,22:00:00,85.534,85.791,84.969,85.495,3904373,0
2016-02-04,16:00:00,85.128,86.425,84.92,85.247,1440148,0
2016-02-04,17:00:00,85.227,86.544,84.722,86.098,2868093,0
2016-02-04,18:00:00,86.079,86.098,85.029,85.48,1748163,0
2016-02-04,19:00:00,85.485,86.534,85.415,86.049,1404472,0
2016-02-04,20:00:00,86.049,86.464,85.573,85.683,941141,0
2016-02-04,21:00:00,85.693,85.731,84.842,85.257,1613021,0
2016-02-04,22:00:00,85.257,85.949,85.079,85.781,2782133,0
2016-02-05,16:00:00,85.781,87.108,85.781,86.084,2050683,0
2016-02-05,17:00:00,86.098,86.459,85.198,85.583,2268995,0
2016-02-05,18:00:00,85.593,85.703,84.624,84.98,1873156,0
2016-02-05,19:00:00,84.97,85.138,84.129,84.366,1385913,0
2016-02-05,20:00:00,84.356,84.99,83.914,84.178,1171880,0
2016-02-05,21:00:00,84.173,84.278,83.634,83.753,1756972,0
2016-02-05,22:00:00,83.763,84.316,83.575,84.258,3585005,0
2016-02-08,16:00:00,83.317,84.446,82.991,83.931,2025401,0
2016-02-08,17:00:00,83.921,85.217,83.624,84.881,3291595,0
2016-02-08,18:00:00,84.901,85.751,84.742,85.465,2630820,0
2016-02-08,19:00:00,85.465,85.683,85.02,85.336,1483168,0
2016-02-08,20:00:00,85.346,85.351,84.406,84.614,1656422,0
2016-02-08,21:00:00,84.624,84.812,83.604,83.896,1726350,0
2016-02-08,22:00:00,83.891,85.623,83.872,84.376,3015687,0
2016-02-09,16:00:00,83.327,85.277,83.229,85.01,1451701,0
2016-02-09,17:00:00,85.01,85.613,84.594,84.673,2183571,0
2016-02-09,18:00:00,84.673,85.633,84.634,85.079,1368155,0
2016-02-09,19:00:00,85.069,85.307,84.673,84.712,1051147,0
2016-02-09,20:00:00,84.712,85.781,84.654,85.673,1336204,0
2016-02-09,21:00:00,85.663,87.068,85.544,87.018,1930573,0
2016-02-09,22:00:00,87.008,87.563,86.019,86.346,3423380,0
2016-02-10,16:00:00,87.771,88.523,87.098,88.216,1518661,0
2016-02-10,17:00:00,88.235,88.919,87.711,87.731,2424852,0
2016-02-10,18:00:00,87.761,88.473,87.326,88.041,1738026,0
2016-02-10,19:00:00,88.047,88.533,87.741,88.493,1374799,0
2016-02-10,20:00:00,88.498,88.563,87.82,87.879,1112917,0
2016-02-10,21:00:00,87.889,87.989,87.186,87.414,1123438,0
2016-02-10,22:00:00,87.434,88.057,86.632,86.89,2993590,0
2016-02-11,16:00:00,85.603,87.533,85.405,86.474,1409567,0
2016-02-11,17:00:00,86.464,86.464,85.118,85.524,1323315,0
2016-02-11,18:00:00,85.524,86.316,85.346,86.118,1433585,0
2016-02-11,19:00:00,86.098,86.504,85.723,86.059,1193199,0
2016-02-11,20:00:00,86.069,86.395,85.781,85.881,1074342,0
2016-02-11,21:00:00,85.871,87.256,85.603,86.791,1664341,0
2016-02-11,22:00:00,86.81,87.256,86.257,86.454,2537963,0
2016-02-12,16:00:00,87.741,87.741,85.781,85.811,1218593,0
2016-02-12,17:00:00,85.811,87.573,85.791,87.414,1623252,0
2016-02-12,18:00:00,87.414,88.305,87.414,87.969,1337335,0
2016-02-12,19:00:00,87.979,88.82,87.949,88.681,1152653,0
2016-02-12,20:00:00,88.681,88.691,88.077,88.563,1032052,0
2016-02-12,21:00:00,88.553,88.879,88.388,88.612,1156567,0
2016-02-12,22:00:00,88.612,88.948,88.285,88.513,2669859,0
2016-02-16,16:00:00,89.78,90.146,88.958,89.849,1652557,0
2016-02-16,17:00:00,89.849,90.334,89.562,90.225,1760659,0
2016-02-16,18:00:00,90.235,90.284,89.314,89.65,1762265,0
2016-02-16,19:00:00,89.67,90.047,89.602,89.993,925421,0
2016-02-16,20:00:00,90.017,90.294,89.67,89.712,752708,0
2016-02-16,21:00:00,89.73,90.096,89.69,89.929,802303,0
2016-02-16,22:00:00,89.928,90.245,89.632,90.205,3151165,0
2016-02-17,16:00:00,90.146,90.551,89.245,89.562,1691484,0
2016-02-17,17:00:00,89.552,89.67,88.968,89.047,2906031,0
2016-02-17,18:00:00,89.047,89.146,88.413,88.602,2345657,0
2016-02-17,19:00:00,88.602,88.631,88.127,88.305,3243793,0
2016-02-17,20:00:00,88.305,88.503,88.008,88.107,1875823,0
2016-02-17,21:00:00,88.107,88.731,88.057,88.582,3442192,0
2016-02-17,22:00:00,88.573,88.651,87.741,88.433,5538426,0
2016-02-18,16:00:00,88.671,89.472,88.513,89.384,1515636,0
2016-02-18,17:00:00,89.384,90.007,89.136,89.552,1716848,0
2016-02-18,18:00:00,89.542,89.592,88.612,89.077,1428622,0
2016-02-18,19:00:00,89.077,89.107,88.187,88.404,1169025,0
2016-02-18,20:00:00,88.395,88.543,88.008,88.107,936165,0
2016-02-18,21:00:00,88.121,88.909,88.117,88.78,800814,0
2016-02-18,22:00:00,88.79,88.869,88.057,88.067,2607135,0
2016-02-19,16:00:00,87.286,88.057,87.118,87.343,1515129,0
2016-02-19,17:00:00,87.326,87.523,87.008,87.088,1668423,0
2016-02-19,18:00:00,87.088,87.394,86.761,87.078,1599289,0
2016-02-19,19:00:00,87.078,87.286,86.85,86.93,964004,0
2016-02-19,20:00:00,86.91,87.088,86.375,86.415,1167334,0
2016-02-19,21:00:00,86.415,86.89,86.227,86.242,1494736,0
2016-02-19,22:00:00,86.247,86.672,86.217,86.534,3333191,0
2016-02-22,16:00:00,87.434,88.255,87.138,88.225,1068650,0
2016-02-22,17:00:00,88.225,88.255,87.672,88.018,1349519,0
2016-02-22,18:00:00,88.018,88.117,87.86,88.067,1023710,0
2016-02-22,19:00:00,88.057,88.152,87.929,88.038,948228,0
2016-02-22,20:00:00,88.038,88.543,87.959,88.513,802478,0
2016-02-22,21:00:00,88.493,88.513,87.954,88.087,1049757,0
2016-02-22,22:00:00,88.097,88.573,87.899,88.177,2650484,0
2016-02-23,16:00:00,88.177,88.473,87.664,88.245,798864,0
2016-02-23,17:00:00,88.235,88.315,87.246,87.394,928207,0
2016-02-23,18:00:00,87.394,87.553,86.988,87.504,776678,0
2016-02-23,19:00:00,87.494,87.949,87.414,87.854,701377,0
2016-02-23,20:00:00,87.83,87.83,87.157,87.262,631351,0
2016-02-23,21:00:00,87.266,87.889,87.266,87.791,945535,0
2016-02-23,22:00:00,87.791,87.999,87.365,87.434,2166787,0
2016-02-24,16:00:00,86.504,86.91,85.891,86.316,986306,0
2016-02-24,17:00:00,86.336,87.018,86.019,86.978,1367374,0
2016-02-24,18:00:00,86.978,87.899,86.761,87.761,880393,0
2016-02-24,19:00:00,87.761,87.919,87.286,87.375,848722,0
2016-02-24,20:00:00,87.375,87.85,87.261,87.33,815145,0
2016-02-24,21:00:00,87.335,88.433,87.256,88.077,852864,0
2016-02-24,22:00:00,88.087,88.612,88.087,88.433,1503940,0
2016-02-25,16:00:00,89.067,89.552,88.624,89.216,1031599,0
2016-02-25,17:00:00,89.207,89.236,88.76,89.087,1407171,0
2016-02-25,18:00:00,89.087,89.255,88.81,89.245,1037645,0
2016-02-25,19:00:00,89.245,89.314,88.849,89.018,716879,0
2016-02-25,20:00:00,89.018,89.176,88.829,89.156,706229,0
2016-02-25,21:00:00,89.156,89.253,88.998,89.087,881408,0
2016-02-25,22:00:00,89.097,89.314,89.057,89.226,2379514,0
2016-02-26,16:00:00,89.67,89.978,89.177,89.512,984745,0
2016-02-26,17:00:00,89.542,89.552,89.008,89.216,1492910,0
2016-02-26,18:00:00,89.226,89.314,89.008,89.028,1218764,0
2016-02-26,19:00:00,89.037,89.037,88.671,88.919,1016184,0
2016-02-26,20:00:00,88.917,89.028,88.711,88.79,836112,0
2016-02-26,21:00:00,88.79,88.82,88.117,88.143,1302856,0
2016-02-26,22:00:00,88.137,88.325,86.978,87.186,5273332,0
2016-02-29,16:00:00,86.96,87.83,86.96,87.266,990803,0
2016-02-29,17:00:00,87.266,87.434,86.94,87.355,1666446,0
2016-02-29,18:00:00,87.365,88.067,87.335,87.879,1165443,0
2016-02-29,19:00:00,87.869,88.216,87.791,87.83,1178400,0
2016-02-29,20:00:00,87.83,87.845,86.86,87.038,1139625,0
2016-02-29,21:00:00,87.038,87.206,86.632,86.796,1164512,0
2016-02-29,22:00:00,86.791,86.95,86.346,86.346,3539038,0
2016-03-01,16:00:00,86.988,87.286,86.464,86.881,1047048,0
2016-03-01,17:00:00,86.88,87.246,86.395,86.94,1596508,0
2016-03-01,18:00:00,86.94,87.969,86.92,87.781,1176165,0
2016-03-01,19:00:00,87.781,88.216,87.761,87.959,884552,0
2016-03-01,20:00:00,87.949,88.085,87.677,87.811,935921,0
2016-03-01,21:00:00,87.82,88.187,87.8,88.028,1614043,0
2016-03-01,22:00:00,88.036,88.79,87.989,88.76,3288735,0
2016-03-02,16:00:00,88.671,88.751,87.979,88.067,951898,0
2016-03-02,17:00:00,88.067,88.27,87.85,88.197,1918669,0
2016-03-02,18:00:00,88.197,88.365,87.523,87.592,1154448,0
2016-03-02,19:00:00,87.583,87.583,87.048,87.404,1354203,0
2016-03-02,20:00:00,87.404,87.716,87.157,87.184,869679,0
2016-03-02,21:00:00,87.167,87.751,87.088,87.573,1165552,0
2016-03-02,22:00:00,87.573,87.969,87.424,87.879,2176109,0
2016-03-03,16:00:00,88.206,88.385,87.138,87.602,1153367,0
2016-03-03,17:00:00,87.632,88.028,87.474,87.677,1690627,0
2016-03-03,18:00:00,87.682,87.682,87.098,87.515,1264415,0
2016-03-03,19:00:00,87.51,87.612,87.118,87.434,951335,0
2016-03-03,20:00:00,87.434,87.494,87.058,87.375,1080074,0
2016-03-03,21:00:00,87.384,87.56,87.128,87.201,1220515,0
2016-03-03,22:00:00,87.206,87.246,86.573,86.92,3458313,0
2016-03-04,16:00:00,87.384,87.384,85.949,86.428,1319504,0
2016-03-04,17:00:00,86.454,87.494,86.435,87.482,1476218,0
2016-03-04,18:00:00,87.464,88.176,87.276,87.691,1596309,0
2016-03-04,19:00:00,87.682,87.86,87.523,87.632,864601,0
2016-03-04,20:00:00,87.642,87.682,87.286,87.394,848728,0
2016-03-04,21:00:00,87.394,87.444,86.603,86.862,1262821,0
2016-03-04,22:00:00,86.85,87.058,86.247,86.306,10467857,0
2016-03-07,16:00:00,86.207,86.92,85.979,86.539,1663804,0
2016-03-07,17:00:00,86.534,87.622,86.425,87.622,1872856,0
2016-03-07,18:00:00,87.602,88.661,87.563,88.503,1808179,0
2016-03-07,19:00:00,88.503,88.82,88.325,88.711,1294898,0
2016-03-07,20:00:00,88.721,89.105,88.157,88.469,1361246,0
2016-03-07,21:00:00,88.463,88.641,88.245,88.404,1039710,0
2016-03-07,22:00:00,88.404,89.008,88.325,88.721,2589878,0
2016-03-08,16:00:00,88.721,89.156,88.473,88.706,847029,0
2016-03-08,17:00:00,88.701,89.462,88.573,88.978,1648864,0
2016-03-08,18:00:00,89.028,89.236,88.751,88.98,1175277,0
2016-03-08,19:00:00,88.982,89.354,88.829,89.26,850896,0
2016-03-08,20:00:00,89.265,89.349,88.602,88.76,945956,0
2016-03-08,21:00:00,88.76,88.978,88.275,88.453,1196903,0
2016-03-08,22:00:00,88.453,88.536,87.434,87.741,3126590,0
2016-03-09,16:00:00,88.018,88.325,86.642,87.439,1058583,0
2016-03-09,17:00:00,87.434,87.464,86.524,86.593,1753732,0
2016-03-09,18:00:00,86.593,87.176,86.554,87.028,1290892,0
2016-03-09,19:00:00,87.028,87.306,86.791,86.9,880326,0
2016-03-09,20:00:00,86.91,87.365,86.84,87.34,967720,0
2016-03-09,21:00:00,87.335,87.429,86.8,86.941,929396,0
2016-03-09,22:00:00,86.95,87.108,86.637,86.92,2677539,0
2016-03-10,16:00:00,87.384,88.7,87.216,88.671,1089251,0
2016-03-10,17:00:00,88.671,88.968,87.721,87.781,1991943,0
2016-03-10,18:00:00,87.791,88.127,87.196,87.286,1422384,0
2016-03-10,19:00:00,87.276,87.573,86.91,87.038,1117682,0
2016-03-10,20:00:00,87.028,87.583,86.96,87.206,990760,0
2016-03-10,21:00:00,87.196,88.137,87.068,87.919,1033095,0
2016-03-10,22:00:00,87.919,88.255,87.543,87.721,2028981,0
2016-03-11,16:00:00,89.037,89.047,88.493,88.649,1061347,0
2016-03-11,17:00:00,88.661,88.741,88.147,88.493,1580945,0
2016-03-11,18:00:00,88.493,88.651,88.265,88.448,1135362,0
2016-03-11,19:00:00,88.453,88.681,88.117,88.127,838436,0
2016-03-11,20:00:00,88.127,88.621,87.879,88.617,1216626,0
2016-03-11,21:00:00,88.631,88.77,88.395,88.553,1138829,0
2016-03-11,22:00:00,88.557,88.77,88.395,88.721,2746963,0
2016-03-14,15:00:00,89.496,90.441,88.84,90.351,1588756,0
2016-03-14,16:00:00,90.342,90.54,90.242,90.46,1813427,0
2016-03-14,17:00:00,90.451,90.65,90.302,90.521,1442947,0
2016-03-14,18:00:00,90.516,90.7,90.342,90.481,880633,0
2016-03-14,19:00:00,90.487,90.58,90.411,90.461,732143,0
2016-03-14,20:00:00,90.466,90.496,90.153,90.342,914501,0
2016-03-14,21:00:00,90.337,90.501,89.944,89.954,2295585,0
2016-03-15,15:00:00,89.417,89.496,88.532,89.078,1089338,0
2016-03-15,16:00:00,89.069,89.317,88.701,89.142,1289855,0
2016-03-15,17:00:00,89.145,89.566,88.86,89.387,1247778,0
2016-03-15,18:00:00,89.387,89.447,89.009,89.089,865440,0
2016-03-15,19:00:00,89.089,89.128,88.84,88.964,1031752,0
2016-03-15,20:00:00,88.964,89.074,88.681,88.742,1152009,0
2016-03-15,21:00:00,88.751,89.009,88.676,88.939,2349144,0
2016-03-16,15:00:00,88.462,89.964,88.412,89.834,859346,0
2016-03-16,16:00:00,89.824,90.371,89.778,89.964,1277077,0
2016-03-16,17:00:00,89.964,90.073,89.665,89.954,867991,0
2016-03-16,18:00:00,89.964,90.351,89.387,89.387,914551,0
2016-03-16,19:00:00,89.377,89.481,88.969,89.128,705447,0
2016-03-16,20:00:00,89.168,90.013,89.128,89.596,1046774,0
2016-03-16,21:00:00,89.586,90.342,89.566,89.775,2126441,0
2016-03-17,15:00:00,89.287,89.864,88.77,88.989,815570,0
2016-03-17,16:00:00,88.989,89.447,88.313,89.407,1602298,0
2016-03-17,17:00:00,89.407,89.616,89.059,89.566,1145017,0
2016-03-17,18:00:00,89.566,89.735,89.271,89.302,1019728,0
2016-03-17,19:00:00,89.307,89.367,89.149,89.238,743955,0
2016-03-17,20:00:00,89.228,89.526,89.049,89.073,1074717,0
2016-03-17,21:00:00,89.079,89.367,88.999,89.029,2204125,0
2016-03-18,15:00:00,89.516,89.775,89.039,89.268,2796603,0
2016-03-18,16:00:00,89.268,89.526,89.158,89.466,1201070,0
2016-03-18,17:00:00,89.476,89.645,89.178,89.511,998025,0
2016-03-18,18:00:00,89.506,90.143,89.506,90.063,950062,0
2016-03-18,19:00:00,90.063,90.125,89.417,89.636,762741,0
2016-03-18,20:00:00,89.626,89.824,89.576,89.586,673663,0
2016-03-18,21:00:00,89.606,90.222,89.601,89.765,6008520,0
2016-03-21,15:00:00,89.496,91.883,89.496,91.843,1124903,0
2016-03-21,16:00:00,91.883,91.962,91.157,91.923,1327652,0
2016-03-21,17:00:00,91.933,92.301,91.848,92.106,1050343,0
2016-03-21,18:00:00,92.102,92.36,91.982,92.271,701494,0
2016-03-21,19:00:00,92.271,92.489,92.151,92.38,723263,0
2016-03-21,20:00:00,92.39,92.484,92.151,92.33,834961,0
2016-03-21,21:00:00,92.332,92.44,92.052,92.151,2780260,0
2016-03-22,15:00:00,91.624,92.718,91.535,92.676,1063605,0
2016-03-22,16:00:00,92.678,93.036,92.301,92.887,1182895,0
2016-03-22,17:00:00,92.885,93.414,92.698,92.803,1027726,0
2016-03-22,18:00:00,92.788,93.255,92.698,93.186,868661,0
2016-03-22,19:00:00,93.176,93.286,92.997,93.186,677883,0
2016-03-22,20:00:00,93.205,93.365,92.877,92.897,1056296,0
2016-03-22,21:00:00,92.887,93.434,92.877,93.195,2546859,0
2016-03-23,15:00:00,90.451,91.704,90.133,90.749,2188849,0
2016-03-23,16:00:00,90.749,90.968,90.043,90.073,1781439,0
2016-03-23,17:00:00,90.063,90.073,89.601,89.715,1689950,0
2016-03-23,18:00:00,89.715,90.332,89.636,89.967,1415377,0
2016-03-23,19:00:00,89.969,90.003,89.576,89.805,1017288,0
2016-03-23,20:00:00,89.805,90.103,89.626,89.755,1177256,0
2016-03-23,21:00:00,89.755,89.864,89.466,89.576,3166081,0
2016-03-24,15:00:00,89.108,91.187,88.939,91.177,1481288,0
2016-03-24,16:00:00,91.157,92.271,90.779,92.201,1860025,0
2016-03-24,17:00:00,92.206,92.301,91.058,91.296,1490259,0
2016-03-24,18:00:00,91.296,91.336,90.58,90.849,1441441,0
2016-03-24,19:00:00,90.839,90.859,90.471,90.481,614822,0
2016-03-24,20:00:00,90.62,90.894,90.282,90.754,1006095,0
2016-03-24,21:00:00,90.759,91.038,90.709,90.809,2262443,0
2016-03-28,16:00:00,91.555,93.305,91.425,93.186,1493649,0
2016-03-28,17:00:00,93.176,93.782,92.758,92.877,1749096,0
2016-03-28,18:00:00,92.897,92.997,92.668,92.818,783449,0
2016-03-28,19:00:00,92.818,92.978,92.499,92.758,743668,0
2016-03-28,20:00:00,92.768,92.869,92.539,92.698,756506,0
2016-03-28,21:00:00,92.698,92.877,92.33,92.45,768418,0
2016-03-28,22:00:00,92.46,92.609,91.893,91.943,2539742,0
2016-03-29,16:00:00,91.674,91.724,90.103,90.351,1242502,0
2016-03-29,17:00:00,90.371,91.445,90.342,90.958,1394971,0
2016-03-29,18:00:00,90.968,91.107,90.62,90.849,784146,0
2016-03-29,19:00:00,90.829,91.386,90.69,91.147,805176,0
2016-03-29,20:00:00,91.177,91.442,91.048,91.254,423274,0
2016-03-29,21:00:00,91.256,91.604,91.209,91.403,838198,0
2016-03-29,22:00:00,91.396,91.724,91.379,91.684,2001662,0
2016-03-30,16:00:00,91.952,92.977,91.952,92.569,1427910,0
2016-03-30,17:00:00,92.566,93.046,92.002,92.012,1141774,0
2016-03-30,18:00:00,92.009,92.012,91.048,91.634,1240118,0
2016-03-30,19:00:00,91.634,91.734,91.217,91.281,621237,0
2016-03-30,20:00:00,91.276,91.485,91.067,91.425,496645,0
2016-03-30,21:00:00,91.416,91.694,91.296,91.601,798761,0
2016-03-30,22:00:00,91.575,91.803,91.386,91.455,1575756,0
2016-03-31,16:00:00,91.386,92.231,91.386,91.664,928494,0
2016-03-31,17:00:00,91.664,91.992,91.117,91.634,1227939,0
2016-03-31,18:00:00,91.634,91.923,91.575,91.923,661854,0
2016-03-31,19:00:00,91.923,92.122,91.744,92.012,962160,0
2016-03-31,20:00:00,92.002,92.082,91.624,91.812,649332,0
2016-03-31,21:00:00,91.803,91.803,91.237,91.366,918750,0
2016-03-31,22:00:00,91.366,91.649,91.028,91.346,4751251,0
2016-04-01,16:00:00,90.829,91.873,90.53,91.634,1168074,0
2016-04-01,17:00:00,91.614,92.788,91.575,92.768,1630522,0
2016-04-01,18:00:00,92.768,92.997,92.619,92.778,1065248,0
2016-04-01,19:00:00,92.778,93.007,92.489,92.957,1172025,0
2016-04-01,20:00:00,92.967,93.444,92.818,93.136,986866,0
2016-04-01,21:00:00,93.136,93.474,93.106,93.404,1105688,0
2016-04-01,22:00:00,93.414,93.852,93.374,93.593,3076399,0
2016-04-04,16:00:00,93.822,94.319,93.225,93.534,1348347,0
2016-04-04,17:00:00,93.524,94.359,93.469,93.832,1215379,0
2016-04-04,18:00:00,93.842,94.389,93.613,93.961,1042990,0
2016-04-04,19:00:00,93.951,94.468,93.862,94.443,808519,0
2016-04-04,20:00:00,94.419,94.458,93.902,93.951,589349,0
2016-04-04,21:00:00,93.961,94.031,93.673,93.902,750621,0
2016-04-04,22:00:00,93.911,94.021,93.424,93.713,2004566,0
2016-04-05,16:00:00,93.026,94.687,92.977,94.488,1146993,0
2016-04-05,17:00:00,94.488,96.039,94.488,95.743,2110840,0
2016-04-05,18:00:00,95.741,96.149,95.125,95.194,1223876,0
2016-04-05,19:00:00,95.194,95.438,94.916,95.06,1184182,0
2016-04-05,20:00:00,95.055,95.373,94.836,95.244,838105,0
2016-04-05,21:00:00,95.234,95.592,94.975,95.468,1051122,0
2016-04-05,22:00:00,95.463,95.512,94.956,95.035,2782493,0
2016-04-06,16:00:00,94.956,96.238,94.946,96.189,1294195,0
2016-04-06,17:00:00,96.189,96.626,95.96,96.323,1772027,0
2016-04-06,18:00:00,96.318,96.75,96.119,96.726,1258654,0
2016-04-06,19:00:00,96.731,96.825,96.238,96.626,839094,0
2016-04-06,20:00:00,96.636,96.954,96.517,96.606,872144,0
2016-04-06,21:00:00,96.616,96.785,96.209,96.527,1070492,0
2016-04-06,22:00:00,96.532,96.954,96.338,96.895,2559710,0
2016-04-07,16:00:00,96.666,97.084,96.049,96.245,1301053,0
2016-04-07,17:00:00,96.248,96.378,95.234,95.503,2193794,0
2016-04-07,18:00:00,95.493,95.632,94.883,94.946,1813593,0
2016-04-07,19:00:00,94.926,95.348,94.896,95.244,982086,0
2016-04-07,20:00:00,95.244,95.761,95.025,95.156,1033967,0
2016-04-07,21:00:00,95.145,95.154,94.568,94.667,1293071,0
2016-04-07,22:00:00,94.67,95.284,94.558,95.035,2922721,0
2016-04-08,16:00:00,95.672,96.646,95.622,96.567,1185614,0
2016-04-08,17:00:00,96.567,96.905,95.96,96.154,1410182,0
2016-04-08,18:00:00,96.144,96.258,95.463,95.841,1078370,0
2016-04-08,19:00:00,95.831,95.95,95.562,95.771,667943,0
2016-04-08,20:00:00,95.781,95.811,95.284,95.597,802715,0
2016-04-08,21:00:00,95.602,95.811,95.065,95.254,959872,0
2016-04-08,22:00:00,95.254,95.592,95.045,95.552,1889083,0
2016-04-11,16:00:00,95.87,96.248,95.483,95.98,921401,0
2016-04-11,17:00:00,95.99,96.507,95.846,95.91,1152834,0
2016-04-11,18:00:00,95.9,96.378,95.647,96.189,1082327,0
2016-04-11,19:00:00,96.194,96.467,96.119,96.358,756438,0
2016-04-11,20:00:00,96.358,96.487,96.016,96.079,572038,0
2016-04-11,21:00:00,96.079,96.278,95.88,96.054,931838,0
2016-04-11,22:00:00,96.049,96.089,95.204,95.294,2196560,0
2016-04-12,16:00:00,95.463,95.889,95.343,95.423,775452,0
2016-04-12,17:00:00,95.433,95.691,94.966,95.552,1484895,0
2016-04-12,18:00:00,95.552,96.218,95.154,95.254,1204221,0
2016-04-12,19:00:00,95.264,95.98,95.115,95.871,858617,0
2016-04-12,20:00:00,95.88,96.258,95.741,96.218,733788,0
2016-04-12,21:00:00,96.209,96.686,96.109,96.626,948480,0
2016-04-12,22:00:00,96.616,96.855,96.507,96.696,2074930,0
2016-04-13,16:00:00,97.292,97.422,96.109,96.378,1017794,0
2016-04-13,17:00:00,96.397,96.696,96.212,96.427,1482832,0
2016-04-13,18:00:00,96.417,96.676,96.388,96.586,1156117,0
2016-04-13,19:00:00,96.596,96.855,96.298,96.716,772561,0
2016-04-13,20:00:00,96.716,96.754,96.437,96.596,730784,0
2016-04-13,21:00:00,96.601,96.775,96.507,96.643,962981,0
2016-04-13,22:00:00,96.638,96.726,96.507,96.646,2173974,0
2016-04-14,16:00:00,96.467,97.253,96.358,97.203,788667,0
2016-04-14,17:00:00,97.213,98.138,97.143,97.81,1533880,0
2016-04-14,18:00:00,97.81,97.939,97.501,97.72,934426,0
2016-04-14,19:00:00,97.72,98.187,97.581,98.177,776656,0
2016-04-14,20:00:00,98.168,98.217,97.437,97.442,978543,0
2016-04-14,21:00:00,97.439,97.725,97.302,97.606,887383,0
2016-04-14,22:00:00,97.611,97.77,97.452,97.67,1536142,0
2016-04-15,16:00:00,97.979,98.426,97.68,97.989,1466562,0
2016-04-15,17:00:00,97.998,98.018,97.074,97.253,1356058,0
2016-04-15,18:00:00,97.258,97.65,97.199,97.282,703426,0
2016-04-15,19:00:00,97.282,97.67,97.233,97.233,608845,0
2016-04-15,20:00:00,97.233,97.581,97.133,97.352,640380,0
2016-04-15,21:00:00,97.372,97.631,97.258,97.626,664462,0
2016-04-15,22:00:00,97.628,97.849,97.521,97.74,2371732,0
2016-04-18,16:00:00,97.621,98.277,97.561,98.177,742333,0
2016-04-18,17:00:00,98.177,99.122,98.158,99.072,1373062,0
2016-04-18,18:00:00,99.087,99.172,98.595,98.704,786844,0
2016-04-18,19:00:00,98.708,98.734,98.398,98.456,709822,0
2016-04-18,20:00:00,98.456,98.486,98.277,98.466,690133,0
2016-04-18,21:00:00,98.456,98.525,98.287,98.435,742374,0
2016-04-18,22:00:00,98.434,98.734,98.386,98.645,1776878,0
2016-04-19,16:00:00,99.202,99.76,98.953,99.73,1273276,0
2016-04-19,17:00:00,99.73,100.17,99.341,99.63,1543530,0
2016-04-19,18:00:00,99.62,99.77,98.874,98.883,1068894,0
2016-04-19,19:00:00,98.883,99.092,98.685,99.092,705971,0
2016-04-19,20:00:00,99.072,99.182,98.834,99.033,565390,0
2016-04-19,21:00:00,99.043,99.28,99.003,99.062,688412,0
2016-04-19,22:00:00,99.053,99.331,98.764,98.883,2655475,0
2016-04-20,16:00:00,98.794,100.23,98.794,100.03,1069773,0
2016-04-20,17:00:00,100.05,100.39,99.46,99.81,1499299,0
2016-04-20,18:00:00,99.8,100.1,99.391,99.63,906398,0
2016-04-20,19:00:00,99.62,99.71,99.47,99.55,694811,0
2016-04-20,20:00:00,99.56,99.98,99.49,99.78,589207,0
2016-04-20,21:00:00,99.78,100.06,99.68,100.06,614676,0
2016-04-20,22:00:00,100.06,100.16,99.54,99.55,2081055,0
2016-04-21,16:00:00,99.341,100.36,99.341,99.99,785737,0
2016-04-21,17:00:00,99.98,100.96,99.94,100.89,1455498,0
2016-04-21,18:00:00,100.89,101.11,100.27,100.39,972772,0
2016-04-21,19:00:00,100.39,100.9,100.26,100.57,641412,0
2016-04-21,20:00:00,100.56,100.84,100.3,100.61,680312,0
2016-04-21,21:00:00,100.61,100.75,100.48,100.68,709714,0
2016-04-21,22:00:00,100.67,101.27,100.66,101.14,1928124,0
2016-04-22,16:00:00,100.99,101.88,100.9,101.7,1085437,0
2016-04-22,17:00:00,101.71,101.73,100,100.05,1612797,0
2016-04-22,18:00:00,100.06,100.62,99.94,100.6,1049313,0
2016-04-22,19:00:00,100.6,100.7,100.32,100.36,604354,0
2016-04-22,20:00:00,100.37,100.98,100.37,100.67,735510,0
2016-04-22,21:00:00,100.68,101.13,100.64,100.95,859122,0
2016-04-22,22:00:00,100.95,101.38,100.82,101.36,2646362,0
2016-04-25,16:00:00,101.27,101.67,100.94,101.43,882504,0
2016-04-25,17:00:00,101.41,101.76,101,101.27,1148147,0
2016-04-25,18:00:00,101.26,101.41,100.93,101.3,814495,0
2016-04-25,19:00:00,101.3,101.66,101.3,101.59,752222,0
2016-04-25,20:00:00,101.6,101.72,101.41,101.43,635484,0
2016-04-25,21:00:00,101.42,101.69,101.27,101.62,787900,0
2016-04-25,22:00:00,101.63,101.81,101.37,101.72,2331080,0
2016-04-26,16:00:00,101.45,102.37,101.43,102.29,1076314,0
2016-04-26,17:00:00,102.29,102.52,101.13,101.15,1534412,0
2016-04-26,18:00:00,101.18,101.23,100.44,100.8,1302007,0
2016-04-26,19:00:00,100.8,100.84,100.53,100.62,694185,0
2016-04-26,20:00:00,100.62,101.06,100.58,100.99,673328,0
2016-04-26,21:00:00,100.99,101.07,100.66,100.72,909096,0
2016-04-26,22:00:00,100.72,100.97,100.55,100.76,2050212,0
2016-04-27,16:00:00,100.73,101.21,99.95,99.96,923135,0
2016-04-27,17:00:00,99.99,100.46,99.68,99.79,1012629,0
2016-04-27,18:00:00,99.78,100.05,99.59,99.86,832786,0
2016-04-27,19:00:00,99.87,100.23,99.81,99.91,520257,0
2016-04-27,20:00:00,99.92,100.17,99.78,100.02,636643,0
2016-04-27,21:00:00,100.04,100.16,99.64,99.95,934251,0
2016-04-27,22:00:00,99.95,100.79,99.93,100.16,2556856,0
2016-04-28,16:00:00,99.85,99.99,97.81,99.203,1710640,0
2016-04-28,17:00:00,99.217,99.82,98.924,99.82,1524830,0
2016-04-28,18:00:00,99.82,100.19,99.72,99.97,1085986,0
2016-04-28,19:00:00,99.98,100.03,99.57,99.98,685494,0
2016-04-28,20:00:00,99.98,100.17,99.6,99.91,632818,0
2016-04-28,21:00:00,99.93,100.16,99.46,99.61,922638,0
2016-04-28,22:00:00,99.62,99.65,96.258,96.457,5837696,0
2016-04-29,16:00:00,90.68,92.012,89.546,90.729,5576528,0
2016-04-29,17:00:00,90.709,90.749,87.856,88.333,6638051,0
2016-04-29,18:00:00,88.333,89.188,87.925,88.134,3018995,0
2016-04-29,19:00:00,88.134,89.964,87.726,89.32,2923962,0
2016-04-29,20:00:00,89.319,89.486,88.134,88.194,1758636,0
2016-04-29,21:00:00,88.174,88.263,87.561,87.647,3160984,0
2016-04-29,22:00:00,87.647,88.005,87.309,87.716,7339190,0
2016-05-02,16:00:00,88.204,88.949,86.921,87.726,2096004,0
2016-05-02,17:00:00,87.716,88.104,86.404,86.463,2642937,0
2016-05-02,18:00:00,86.463,87.11,86.264,86.871,1569552,0
2016-05-02,19:00:00,86.861,87.299,86.801,87.259,1187772,0
2016-05-02,20:00:00,87.249,87.856,86.887,87.782,979050,0
2016-05-02,21:00:00,87.776,88.233,87.716,88.184,1249632,0
2016-05-02,22:00:00,88.184,88.611,88.144,88.502,2408259,0
2016-05-03,16:00:00,88.174,88.621,87.508,87.766,962815,0
2016-05-03,17:00:00,87.746,87.776,86.513,86.722,1949109,0
2016-05-03,18:00:00,86.722,87.12,86.593,86.941,1211785,0
2016-05-03,19:00:00,86.941,87.398,86.732,87.358,774906,0
2016-05-03,20:00:00,87.369,87.657,87.289,87.607,727513,0
2016-05-03,21:00:00,87.589,87.706,87.05,87.269,747541,0
2016-05-03,22:00:00,87.279,87.319,86.533,86.682,2345271,0
2016-05-04,16:00:00,86.175,86.503,85.777,86.324,911655,0
2016-05-04,17:00:00,86.324,86.404,85.817,86.004,1314738,0
2016-05-04,18:00:00,85.996,86.215,85.608,85.618,1062259,0
2016-05-04,19:00:00,85.628,86.056,85.29,85.34,930615,0
2016-05-04,20:00:00,85.35,85.449,84.972,85.22,1371202,0
2016-05-04,21:00:00,85.24,85.354,85.026,85.091,922611,0
2016-05-04,22:00:00,85.091,85.409,84.932,85.121,4405516,0
2016-05-05,16:00:00,85.867,85.916,84.723,84.832,1024787,0
2016-05-05,17:00:00,84.813,85.887,84.793,85.549,1301147,0
2016-05-05,18:00:00,85.558,85.837,85.32,85.613,976741,0
2016-05-05,19:00:00,85.608,85.703,85.35,85.509,759844,0
2016-05-05,20:00:00,85.489,85.539,85.171,85.449,662251,0
2016-05-05,21:00:00,85.439,85.658,85.26,85.389,515687,0
2016-05-05,22:00:00,85.387,85.693,85.23,85.379,1867030,0
2016-05-06,16:00:00,85.191,85.36,84.733,84.813,891386,0
2016-05-06,17:00:00,84.813,85.061,83.848,84.007,1387149,0
2016-05-06,18:00:00,84.017,84.286,83.604,83.659,964557,0
2016-05-06,19:00:00,83.669,83.967,83.57,83.928,786594,0
2016-05-06,20:00:00,83.923,84.122,83.858,84.107,942248,0
2016-05-06,21:00:00,84.107,84.504,84.047,84.315,1031905,0
2016-05-06,22:00:00,84.315,84.478,84.087,84.196,1603026,0
2016-05-09,16:00:00,84.514,85.708,84.226,85.578,1371783,0
2016-05-09,17:00:00,85.578,85.887,85.22,85.757,1366291,0
2016-05-09,18:00:00,85.765,85.976,85.539,85.608,904475,0
2016-05-09,19:00:00,85.608,85.728,85.265,85.409,470676,0
2016-05-09,20:00:00,85.399,85.509,85.2,85.2,492588,0
2016-05-09,21:00:00,85.194,85.658,85.141,85.558,698759,0
2016-05-09,22:00:00,85.558,85.598,85.141,85.191,1898900,0
2016-05-10,16:00:00,85.926,85.996,84.415,84.922,977632,0
2016-05-10,17:00:00,84.902,85.598,84.544,85.36,1051578,0
2016-05-10,18:00:00,85.34,85.35,84.829,85.031,678401,0
2016-05-10,19:00:00,85.061,85.28,84.942,85.25,507158,0
2016-05-10,20:00:00,85.256,85.419,84.959,85.36,443310,0
2016-05-10,21:00:00,85.35,85.618,85.23,85.509,683266,0
2016-05-10,22:00:00,85.509,85.787,85.495,85.698,1660527,0
2016-05-11,16:00:00,85.907,85.916,84.723,84.912,804996,0
2016-05-11,17:00:00,84.922,85.036,84.375,84.425,950166,0
2016-05-11,18:00:00,84.415,84.905,84.266,84.496,762259,0
2016-05-11,19:00:00,84.494,84.524,84.146,84.266,652670,0
2016-05-11,20:00:00,84.266,84.315,83.891,83.957,734265,0
2016-05-11,21:00:00,83.957,84.047,83.778,83.934,597818,0
2016-05-11,22:00:00,83.938,84.037,83.341,83.43,2963849,0
2016-05-12,16:00:00,83.629,83.828,81.889,81.939,1834490,0
2016-05-12,17:00:00,81.939,82.516,81.79,81.829,1552172,0
2016-05-12,18:00:00,81.849,82.088,81.243,81.462,2289990,0
2016-05-12,19:00:00,81.47,82.038,81.372,81.879,756454,0
2016-05-12,20:00:00,81.879,82.078,81.292,82.073,991766,0
2016-05-12,21:00:00,82.073,82.923,82.058,82.754,1234569,0
2016-05-12,22:00:00,82.774,82.804,82.128,82.297,2239484,0
2016-05-13,16:00:00,82.197,83.271,81.949,82.446,1185167,0
2016-05-13,17:00:00,82.456,82.973,82.138,82.804,1526424,0
2016-05-13,18:00:00,82.794,83.401,82.764,83.082,958581,0
2016-05-13,19:00:00,83.072,83.122,82.596,82.601,452881,0
2016-05-13,20:00:00,82.615,82.839,82.297,82.47,687084,0
2016-05-13,21:00:00,82.456,82.635,82.148,82.307,584969,0
2016-05-13,22:00:00,82.307,82.416,82.128,82.237,2075714,0
2016-05-16,16:00:00,82.237,82.933,82.038,82.366,1076662,0
2016-05-16,17:00:00,82.376,82.555,82.068,82.516,974874,0
2016-05-16,18:00:00,82.516,83.102,82.513,83.102,655207,0
2016-05-16,19:00:00,83.102,83.122,82.794,82.884,396179,0
2016-05-16,20:00:00,82.893,83.072,82.794,82.864,420000,0
2016-05-16,21:00:00,82.868,83.291,82.844,83.242,587853,0
2016-05-16,22:00:00,83.251,83.361,83.082,83.142,1538720,0
2016-05-17,16:00:00,83.033,83.271,82.585,83.043,614634,0
2016-05-17,17:00:00,83.043,83.053,82.744,82.903,835433,0
2016-05-17,18:00:00,82.893,83.232,82.695,83.003,716300,0
2016-05-17,19:00:00,83.003,83.112,82.814,82.933,724520,0
2016-05-17,20:00:00,82.923,82.988,82.605,82.605,559677,0
2016-05-17,21:00:00,82.595,82.615,82.038,82.158,928034,0
2016-05-17,22:00:00,82.158,82.381,81.989,82.297,2982735,0
2016-05-18,16:00:00,82.277,82.545,81.869,82.486,654771,0
2016-05-18,17:00:00,82.496,82.864,82.396,82.575,1048627,0
2016-05-18,18:00:00,82.575,82.695,82.416,82.506,925886,0
2016-05-18,19:00:00,82.496,82.675,82.406,82.625,559558,0
2016-05-18,20:00:00,82.625,82.973,82.585,82.794,571739,0
2016-05-18,21:00:00,82.784,82.794,81.989,82.317,1087724,0
2016-05-18,22:00:00,82.317,82.545,82.108,82.396,1280124,0
2016-05-19,16:00:00,81.849,82.128,81.223,81.278,870387,0
2016-05-19,17:00:00,81.282,81.53,80.935,81.054,1847476,0
2016-05-19,18:00:00,81.044,81.302,80.825,81.193,1431432,0
2016-05-19,19:00:00,81.193,81.442,80.934,81.084,742745,0
2016-05-19,20:00:00,81.094,81.63,81.094,81.339,910314,0
2016-05-19,21:00:00,81.352,81.442,81.148,81.273,693647,0
2016-05-19,22:00:00,81.266,81.859,81.263,81.68,1922129,0
2016-05-20,16:00:00,81.71,82.167,81.69,82.078,1234425,0
2016-05-20,17:00:00,82.078,82.138,81.611,82.108,1133847,0
2016-05-20,18:00:00,82.108,82.615,82.078,82.287,1094120,0
2016-05-20,19:00:00,82.307,82.615,82.257,82.308,535369,0
2016-05-20,20:00:00,82.307,82.545,82.068,82.166,730570,0
2016-05-20,21:00:00,82.16,82.307,81.999,82.227,758040,0
2016-05-20,22:00:00,82.237,82.247,81.959,82.177,1568125,0
2016-05-23,16:00:00,82.555,83.361,81.79,83.182,974422,0
2016-05-23,17:00:00,83.152,83.56,82.893,83.121,1304149,0
2016-05-23,18:00:00,83.112,83.202,82.69,82.844,802843,0
2016-05-23,19:00:00,82.844,83.341,82.784,83.321,710609,0
2016-05-23,20:00:00,83.321,83.401,82.933,83.013,595143,0
2016-05-23,21:00:00,83.013,83.182,82.963,83.043,412413,0
2016-05-23,22:00:00,83.043,83.072,82.784,82.864,2061987,0
2016-05-24,16:00:00,83.311,84.865,83.242,84.753,1458905,0
2016-05-24,17:00:00,84.753,85.151,84.624,84.982,1223333,0
2016-05-24,18:00:00,84.992,85.519,84.872,85.429,1241505,0
2016-05-24,19:00:00,85.409,85.598,85.3,85.489,1198471,0
2016-05-24,20:00:00,85.489,85.703,85.439,85.499,1067851,0
2016-05-24,21:00:00,85.509,85.683,85.469,85.578,1158092,0
2016-05-24,22:00:00,85.568,85.956,85.519,85.737,4310067,0
2016-05-25,16:00:00,86.314,86.513,85.22,85.628,1646353,0
2016-05-25,17:00:00,85.638,86.006,85.608,85.887,1559846,0
2016-05-25,18:00:00,85.897,85.986,85.678,85.817,1088745,0
2016-05-25,19:00:00,85.811,85.862,85.725,85.837,714369,0
2016-05-25,20:00:00,85.837,86.155,85.837,86.026,800217,0
2016-05-25,21:00:00,86.036,86.046,85.718,85.747,983564,0
2016-05-25,22:00:00,85.737,86.145,85.728,85.986,1732634,0
2016-05-26,16:00:00,85.956,86.016,84.574,84.952,1148344,0
2016-05-26,17:00:00,84.947,85.24,84.823,84.922,1085717,0
2016-05-26,18:00:00,84.907,85.081,84.823,84.982,920514,0
2016-05-26,19:00:00,84.982,85.081,84.693,84.748,569268,0
2016-05-26,20:00:00,84.743,85.141,84.703,85.051,638871,0
2016-05-26,21:00:00,85.041,85.22,84.753,84.793,690866,0
2016-05-26,22:00:00,84.803,84.972,84.733,84.813,2203097,0
2016-05-27,16:00:00,85.34,85.469,84.723,85.012,768437,0
2016-05-27,17:00:00,85.002,85.539,84.942,85.485,1004534,0
2016-05-27,18:00:00,85.479,85.484,85.161,85.36,650057,0
2016-05-27,19:00:00,85.37,85.434,85.26,85.37,575631,0
2016-05-27,20:00:00,85.37,85.399,85.051,85.051,361460,0
2016-05-27,21:00:00,85.051,85.186,84.972,85.111,496727,0
2016-05-27,22:00:00,85.111,85.34,85.073,85.34,1430191,0
2016-05-31,16:00:00,85.916,86.215,85.568,86.145,979709,0
2016-05-31,17:00:00,86.145,86.666,86.14,86.503,1637724,0
2016-05-31,18:00:00,86.503,86.732,86.274,86.563,1073233,0
2016-05-31,19:00:00,86.553,86.603,86.314,86.523,755868,0
2016-05-31,20:00:00,86.523,86.732,86.483,86.519,742026,0
2016-05-31,21:00:00,86.52,86.52,86.105,86.245,892480,0
2016-05-31,22:00:00,86.254,86.742,86.13,86.573,3865738,0
2016-06-01,16:00:00,86.742,86.811,85.916,85.956,962486,0
2016-06-01,17:00:00,85.966,86.608,85.827,86.478,993015,0
2016-06-01,18:00:00,86.503,86.742,86.066,86.185,852453,0
2016-06-01,19:00:00,86.195,86.414,85.996,86.076,649980,0
2016-06-01,20:00:00,86.086,86.334,86.016,86.155,605587,0
2016-06-01,21:00:00,86.155,86.294,86.056,86.165,618992,0
2016-06-01,22:00:00,86.175,86.414,85.936,86.095,1787041,0
2016-06-02,16:00:00,86.205,86.583,85.678,85.787,609731,0
2016-06-02,17:00:00,85.777,86.076,85.658,85.877,740813,0
2016-06-02,18:00:00,85.887,86.056,85.673,85.762,867098,0
2016-06-02,19:00:00,85.757,85.757,85.379,85.664,756029,0
2016-06-02,20:00:00,85.668,85.827,85.504,85.816,584023,0
2016-06-02,21:00:00,85.817,86.215,85.792,86.125,794598,0
2016-06-02,22:00:00,86.131,86.235,85.757,86.235,2036212,0
2016-06-03,16:00:00,86.364,86.493,85.509,85.658,838420,0
2016-06-03,17:00:00,85.638,85.863,85.071,85.737,1312207,0
2016-06-03,18:00:00,85.737,85.996,85.509,85.926,794184,0
2016-06-03,19:00:00,85.936,85.946,85.337,85.34,746674,0
2016-06-03,20:00:00,85.33,85.663,85.33,85.549,619675,0
2016-06-03,21:00:00,85.539,85.976,85.409,85.847,699840,0
2016-06-03,22:00:00,85.837,85.956,85.668,85.668,1415579,0
2016-06-06,16:00:00,85.688,86.225,85.618,86.006,595407,0
2016-06-06,17:00:00,86.026,86.324,85.638,86.304,893723,0
2016-06-06,18:00:00,86.294,86.891,86.215,86.662,1192458,0
2016-06-06,19:00:00,86.662,86.91,86.533,86.792,860162,0
2016-06-06,20:00:00,86.782,87.239,86.706,87.179,991173,0
2016-06-06,21:00:00,87.179,87.378,87.11,87.254,884676,0
2016-06-06,22:00:00,87.259,87.309,87.09,87.11,1805207,0
2016-06-07,16:00:00,87.05,87.15,86.414,86.563,1020743,0
2016-06-07,17:00:00,86.573,87.647,86.563,87.408,1318792,0
2016-06-07,18:00:00,87.398,87.577,87.083,87.199,752610,0
2016-06-07,19:00:00,87.199,87.537,87.159,87.527,725178,0
2016-06-07,20:00:00,87.537,87.746,87.438,87.577,753735,0
2016-06-07,21:00:00,87.576,87.696,87.428,87.448,588382,0
2016-06-07,22:00:00,87.443,87.458,86.881,87.01,1893261,0
2016-06-08,16:00:00,87.03,87.597,86.334,87.398,1338617,0
2016-06-08,17:00:00,87.388,87.403,86.707,87.02,1213803,0
2016-06-08,18:00:00,87.03,87.12,86.782,86.931,650522,0
2016-06-08,19:00:00,86.931,87.129,86.702,86.911,632403,0
2016-06-08,20:00:00,86.901,87.14,86.792,86.881,650642,0
2016-06-08,21:00:00,86.891,87.1,86.821,86.98,699287,0
2016-06-08,22:00:00,86.99,87.1,86.881,86.931,1420416,0
2016-06-09,16:00:00,86.434,86.762,85.887,85.926,850280,0
2016-06-09,17:00:00,85.916,85.976,85.484,85.902,1278704,0
2016-06-09,18:00:00,85.91,85.996,85.26,85.28,950160,0
2016-06-09,19:00:00,85.29,85.518,85.171,85.459,677784,0
2016-06-09,20:00:00,85.459,85.668,85.25,85.419,679325,0
2016-06-09,21:00:00,85.419,85.424,85.2,85.305,740088,0
2016-06-09,22:00:00,85.3,85.449,85.24,85.29,1647456,0
2016-06-10,16:00:00,84.504,84.693,84.087,84.614,1041986,0
2016-06-10,17:00:00,84.614,84.644,83.933,83.976,1064399,0
2016-06-10,18:00:00,83.967,84.564,83.873,84.236,744435,0
2016-06-10,19:00:00,84.236,84.281,83.992,84.114,617100,0
2016-06-10,20:00:00,84.107,84.216,83.898,84.037,704660,0
2016-06-10,21:00:00,84.037,84.067,83.669,83.828,890743,0
2016-06-10,22:00:00,83.829,83.977,83.609,83.967,1589406,0
2016-06-13,16:00:00,83.56,84.335,83.53,83.948,664699,0
2016-06-13,17:00:00,83.917,84.117,83.59,83.634,751500,0
2016-06-13,18:00:00,83.639,83.788,83.43,83.46,701860,0
2016-06-13,19:00:00,83.46,83.739,83.46,83.619,630940,0
2016-06-13,20:00:00,83.647,83.729,83.5,83.597,531029,0
2016-06-13,21:00:00,83.609,83.918,83.53,83.709,802331,0
2016-06-13,22:00:00,83.699,83.818,83.44,83.51,3161957,0
2016-06-14,16:00:00,83.5,84.56,83.4601,84.11,813458,0
2016-06-14,17:00:00,84.1,84.4,83.13,83.23,1274490,0
2016-06-14,18:00:00,83.25,83.37,82.93,83.01,964681,0
2016-06-14,19:00:00,83.01,83.26,82.91,83.05,626338,0
2016-06-14,20:00:00,83.04,83.13,82.79,82.81,513213,0
2016-06-14,21:00:00,82.81,83.02,82.77,82.87,684370,0
2016-06-14,22:00:00,82.87,83.64,82.8,83.57,1250763,0
2016-06-15,16:00:00,84.05,84.44,84,84.1336,730768,0
2016-06-15,17:00:00,83.71,83.99,83.52,83.8835,570718,0
2016-06-15,18:00:00,83.88,84.01,83.5,83.7,644311,0
2016-06-15,19:00:00,83.71,83.85,83.48,83.62,546167,0
2016-06-15,20:00:00,83.6101,83.85,83.57,83.6,578497,0
2016-06-15,21:00:00,83.61,83.8897,83.24,83.57,696069,0
2016-06-15,22:00:00,83.58,83.68,82.97,83.04,1918144,0
2016-06-16,16:00:00,82.78,82.82,82.25,82.28,649518,0
2016-06-16,17:00:00,82.265,82.68,82.23,82.65,959184,0
2016-06-16,18:00:00,82.65,83.17,82.5502,82.555,741160,0
2016-06-16,19:00:00,82.56,83.52,82.51,83.52,710364,0
2016-06-16,20:00:00,83.51,83.62,83.04,83.1,531915,0
2016-06-16,21:00:00,83.1,83.54,83.07,83.325,454803,0
2016-06-16,22:00:00,83.32,83.7,83.29,83.51,1341566,0
2016-06-17,16:00:00,83.68,84.17,83.59,83.79,1962062,0
2016-06-17,17:00:00,83.81,83.95,82.81,82.9099,1323521,0
2016-06-17,18:00:00,82.9,83.07,82.66,82.99,802967,0
2016-06-17,19:00:00,82.9948,83.19,82.82,82.891,546658,0
2016-06-17,20:00:00,82.89,83.05,82.74,82.79,434049,0
2016-06-17,21:00:00,82.78,82.94,82.7,82.77,696019,0
2016-06-17,22:00:00,82.77,82.81,82.53,82.65,6423835,0
2016-06-20,16:00:00,83.26,84.05,83.15,83.735,991934,0
2016-06-20,17:00:00,83.68,84.12,83.63,83.9766,876627,0
2016-06-20,18:00:00,83.97,84,83.71,83.99,591225,0
2016-06-20,19:00:00,83.99,84.09,83.795,83.85,454356,0
2016-06-20,20:00:00,83.8532,83.86,83.552,83.59,548395,0
2016-06-20,21:00:00,83.59,83.6,83.22,83.4401,752725,0
2016-06-20,22:00:00,83.45,83.45,82.9,82.99,1733090,0
2016-06-21,16:00:00,83.35,83.44,82.46,82.69,681370,0
2016-06-21,17:00:00,82.69,82.72,81.89,82.0399,1461845,0
2016-06-21,18:00:00,82.02,82.19,81.75,81.92,871080,0
2016-06-21,19:00:00,81.93,82.01,81.7,81.8201,573036,0
2016-06-21,20:00:00,81.8238,81.87,81.43,81.585,831042,0
2016-06-21,21:00:00,81.59,81.8155,81.51,81.725,928916,0
2016-06-21,22:00:00,81.73,81.995,81.585,81.79,1278629,0
2016-06-22,16:00:00,81.56,82,81.56,81.735,755129,0
2016-06-22,17:00:00,81.73,83.78,81.69,83.38,2261489,0
2016-06-22,18:00:00,83.4,83.79,83.28,83.44,894365,0
2016-06-22,19:00:00,83.44,83.56,83.01,83.07,742139,0
2016-06-22,20:00:00,83.1,83.1,82.51,82.91,835733,0
2016-06-22,21:00:00,82.9101,83,82.4,82.65,1179866,0
2016-06-22,22:00:00,82.65,82.84,82.32,82.45,1367958,0
2016-06-23,16:00:00,83.29,83.33,82.54,82.9601,700356,0
2016-06-23,17:00:00,82.98,83.379,82.83,83.3,795021,0
2016-06-23,18:00:00,83.31,83.45,83.18,83.3336,434903,0
2016-06-23,19:00:00,83.34,83.4946,83.32,83.471,455816,0
2016-06-23,20:00:00,83.48,83.575,83.165,83.24,463067,0
2016-06-23,21:00:00,83.24,83.32,83.04,83.08,492255,0
2016-06-23,22:00:00,83.08,83.38,82.94,83.37,1590268,0
2016-06-24,16:00:00,81.17,82.18,81,81.79,1197445,0
2016-06-24,17:00:00,81.79,82.25,81.33,81.388,1433965,0
2016-06-24,18:00:00,81.38,81.47,81,81.1299,1027192,0
2016-06-24,19:00:00,81.13,81.1667,80.32,80.52,1198363,0
2016-06-24,20:00:00,80.52,80.86,80.38,80.79,768809,0
2016-06-24,21:00:00,80.7968,80.99,80.29,80.44,1102302,0
2016-06-24,22:00:00,80.445,80.96,80.22,80.47,3544253,0
2016-06-27,16:00:00,79.9,80.47,79.42,79.59,987437,0
2016-06-27,17:00:00,79.58,79.7699,78.76,78.78,1583104,0
2016-06-27,18:00:00,78.77,79.28,78.7,79.07,1116502,0
2016-06-27,19:00:00,79.0857,79.31,78.875,79.16,695501,0
2016-06-27,20:00:00,79.1613,79.24,78.29,78.3398,1364891,0
2016-06-27,21:00:00,78.335,78.44,77.96,78.05,1129870,0
2016-06-27,22:00:00,78.0489,78.41,77.92,78.25,2984574,0
2016-06-28,16:00:00,79.67,80.25,79.45,80.05,1464921,0
2016-06-28,17:00:00,80.06,81.43,80,81.4103,2424714,0
2016-06-28,18:00:00,81.41,81.55,80.59,81.22,2371453,0
2016-06-28,19:00:00,81.24,81.46,81.08,81.254,876040,0
2016-06-28,20:00:00,81.25,81.68,81.06,81.58,1235561,0
2016-06-28,21:00:00,81.59,82.05,81.38,81.86,1235335,0
2016-06-28,22:00:00,81.87,82.42,81.83,82.31,3553213,0
2016-06-29,16:00:00,83.39,83.46,82.12,82.26,1333778,0
2016-06-29,17:00:00,82.23,82.39,81.75,81.965,1438794,0
2016-06-29,18:00:00,81.96,82.47,81.77,82.33,1539225,0
2016-06-29,19:00:00,82.32,82.7975,82.2,82.53,1077414,0
2016-06-29,20:00:00,82.525,82.695,82.48,82.5193,534406,0
2016-06-29,21:00:00,82.51,82.82,82.507,82.69,729293,0
2016-06-29,22:00:00,82.69,82.829,82.22,82.27,2452796,0
