Date,Time,Open,High,Low,Close,Volume,OpenInt
2015-12-07,16:00:00,767.77,768.73,763.27,763.27,131433,0
2015-12-07,17:00:00,763.08,765.06,758.7901,760.56,143675,0
2015-12-07,18:00:00,760.52,762.125,757.07,758.8199,144142,0
2015-12-07,19:00:00,758.29,758.86,756.05,756.17,75982,0
2015-12-07,20:00:00,756,762.05,755.09,760.16,129475,0
2015-12-07,21:00:00,760.14,763.28,758.18,758.36,109747,0
2015-12-07,22:00:00,758.53,764.31,758,763.25,243802,0
2015-12-08,16:00:00,757.89,759.5,754.2,755.375,157074,0
2015-12-08,17:00:00,755.51,760.659,754.8,759.5,207960,0
2015-12-08,18:00:00,759.5,762.85,759.11,762.7,161976,0
2015-12-08,19:00:00,762.235,764.2,760.1445,760.74,98066,0
2015-12-08,20:00:00,760.82,762.03,758.99,760.12,118743,0
2015-12-08,21:00:00,759.86,764.8,758.98,763.42,162359,0
2015-12-08,22:00:00,763.23,763.68,759.01,762.37,334918,0
2015-12-09,16:00:00,759.17,762.6,755.87,758.64,159362,0
2015-12-09,17:00:00,758.69,764.23,758.53,759.03,175341,0
2015-12-09,18:00:00,759.16,759.73,751.1,752.2501,215494,0
2015-12-09,19:00:00,753,755.2097,743.3,744.85,219746,0
2015-12-09,20:00:00,745.105,746.5,737.001,745,377165,0
2015-12-09,21:00:00,745.24,746.08,740.17,744.167,202912,0
2015-12-09,22:00:00,743.82,751.86,743,751.61,500818,0
2015-12-10,16:00:00,752.85,752.85,743.83,748.72,90347,0
2015-12-10,17:00:00,749.3299,755.675,747.63,753.79,253968,0
2015-12-10,18:00:00,753.73,755.275,752.21,752.82,123394,0
2015-12-10,19:00:00,752.935,753.7641,749.09,751.39,131203,0
2015-12-10,20:00:00,751.6,753.8799,750,752.515,112954,0
2015-12-10,21:00:00,752.72,755.85,751.6906,753.95,152891,0
2015-12-10,22:00:00,754.395,754.69,747.3,749.46,281122,0
2015-12-11,16:00:00,741.16,745.71,737.49,737.78,280110,0
2015-12-11,17:00:00,737.6709,745.11,737.37,740.83,240468,0
2015-12-11,18:00:00,740.73,743.97,738.97,739.16,163235,0
2015-12-11,19:00:00,739.09,740.91,736.75,738.84,167311,0
2015-12-11,20:00:00,738.81,742.41,738.35,740.8,142372,0
2015-12-11,21:00:00,740.855,743.55,740.5,740.87,169457,0
2015-12-11,22:00:00,740.755,741.9,737.34,738.87,410341,0
2015-12-14,16:00:00,741.79,742,734.56,736.202,182375,0
2015-12-14,17:00:00,736.294,741.18,731.85,733.85,218253,0
2015-12-14,18:00:00,733.98,735.285,724.17,729.62,472371,0
2015-12-14,19:00:00,729.75,737.79,729.31,737.79,188228,0
2015-12-14,20:00:00,737.66,739.86,736.02,739.86,109785,0
2015-12-14,21:00:00,739.93,747,739,746.27,133103,0
2015-12-14,22:00:00,746.31,748.67,743.95,746.58,136949,0
2015-12-15,16:00:00,753,758.08,750.48,754.145,316271,0
2015-12-15,17:00:00,754.46,754.99,749.21,749.65,179649,0
2015-12-15,18:00:00,749.33,750.91,744.39,745.75,111742,0
2015-12-15,19:00:00,745.97,752.39,745.44,751.79,145615,0
2015-12-15,20:00:00,751.6,752.4,746.45,752.14,157180,0
2015-12-15,21:00:00,752.14,753.02,749.85,750.49,88391,0
2015-12-15,22:00:00,750.76,750.76,743.01,743.4,661674,0
2015-12-16,16:00:00,750,751.69,741.72,743.105,131194,0
2015-12-16,17:00:00,743.5,744.25,739.435,743.62,184043,0
2015-12-16,18:00:00,743.465,749.3897,743.2,748.45,151213,0
2015-12-16,19:00:00,748.93,749.865,746.21,748.45,76091,0
2015-12-16,20:00:00,748.16,748.8,745.2,748.25,136361,0
2015-12-16,21:00:00,747.52,760.5199,742.14,760,185606,0
2015-12-16,22:00:00,760.01,760.59,754.46,758.6,90180,0
2015-12-17,16:00:00,762.42,762.68,756.3,759.37,153384,0
2015-12-17,17:00:00,759.41,760.87,753.51,755.33,186444,0
2015-12-17,18:00:00,755.09,758.1,752.07,757.03,109453,0
2015-12-17,19:00:00,756.445,758.8,752.93,755.48,75447,0
2015-12-17,20:00:00,755.53,758.29,754.606,756.91,85759,0
2015-12-17,21:00:00,757.25,757.95,754.86,756.73,89759,0
2015-12-17,22:00:00,756.75,757.2,749,749.43,325055,0
2015-12-18,16:00:00,746.51,754.13,746.04,752.01,513171,0
2015-12-18,17:00:00,752.09,752.09,744.49,749.09,145145,0
2015-12-18,18:00:00,749.01,752.24,746.83,747.2,86034,0
2015-12-18,19:00:00,747.06,747.419,741.23,741.83,180460,0
2015-12-18,20:00:00,741.89,744.6,740,742.99,174154,0
2015-12-18,21:00:00,743.25,746.5,741.18,741.32,161922,0
2015-12-18,22:00:00,741.39,744.53,738.48,738.96,318455,0
2015-12-21,16:00:00,746.13,750,744.99,745.88,200593,0
2015-12-21,17:00:00,746,748.88,745.071,745.63,118573,0
2015-12-21,18:00:00,745.51,746.8,741.3,742.3099,120616,0
2015-12-21,19:00:00,742.2,744.47,742,744.12,111254,0
2015-12-21,20:00:00,744.09,745.5,743.665,744.2675,87183,0
2015-12-21,21:00:00,744.38,744.78,740.495,740.81,75386,0
2015-12-21,22:00:00,740.58,748,740,747.77,333554,0
2015-12-22,16:00:00,751.65,752.45,747.7175,750.23,119108,0
2015-12-22,17:00:00,750.32,754.85,748.5,751.34,178686,0
2015-12-22,18:00:00,751.34,751.87,749.5,749.91,117176,0
2015-12-22,19:00:00,750,750.1,745.53,749.458,97376,0
2015-12-22,20:00:00,749.44,749.47,746.68,749.4,69579,0
2015-12-22,21:00:00,749.41,750.48,748.29,749.14,61886,0
2015-12-22,22:00:00,749.28,750.775,747.5,750.05,149681,0
2015-12-23,16:00:00,753.47,754.21,749.08,749.7,107320,0
2015-12-23,17:00:00,750,750.75,745.36,746.99,147072,0
2015-12-23,18:00:00,746.98,748.025,744.23,747.92,112948,0
2015-12-23,19:00:00,747.8429,748.5,744,745.4093,133937,0
2015-12-23,20:00:00,745.44,748.797,744.65,748.797,83040,0
2015-12-23,21:00:00,748.77,749.35,747.03,748.15,181536,0
2015-12-23,22:00:00,748.35,750.32,748,750.31,361340,0
2015-12-24,16:00:00,749.55,750.74,747,747.15,72052,0
2015-12-24,17:00:00,746.75,749.46,746.62,749.383,52393,0
2015-12-24,18:00:00,749.06,751.35,748.41,750.79,57725,0
2015-12-24,19:00:00,750.72,750.75,747.53,748.38,96809,0
2015-12-24,20:00:00,748.38,748.41,748.38,748.4,86425,0
2015-12-28,16:00:00,752.92,757.92,751.3701,755.7,155011,0
2015-12-28,17:00:00,755.64,755.9889,750.51,750.75,102924,0
2015-12-28,18:00:00,750.66,756.47,749.52,755.28,113405,0
2015-12-28,19:00:00,755.5085,756.1675,754.19,755.08,52789,0
2015-12-28,20:00:00,754.96,760,754.84,758.385,128367,0
2015-12-28,21:00:00,758.25,762.61,758.25,762.14,135016,0
2015-12-28,22:00:00,762.39,762.99,760.63,762.75,162421,0
2015-12-29,16:00:00,766.69,769.7899,766.43,769.54,219349,0
2015-12-29,17:00:00,769.6,774.45,769.6,773,217634,0
2015-12-29,18:00:00,772.977,777.5,772.77,777.19,162374,0
2015-12-29,19:00:00,777.02,779.98,776.1985,778.5301,109636,0
2015-12-29,20:00:00,778.73,779.35,776.67,779.165,94791,0
2015-12-29,21:00:00,779.26,779.4,777.57,778.62,94508,0
2015-12-29,22:00:00,778.58,779.3,775.62,776.6,304295,0
2015-12-30,16:00:00,776.6,777.6,766.9,773.11,143384,0
2015-12-30,17:00:00,773.16,776.6,771.87,773.23,135727,0
2015-12-30,18:00:00,773.2036,775.17,772.135,775.08,66882,0
2015-12-30,19:00:00,775.32,775.44,773.91,774.72,92964,0
2015-12-30,20:00:00,774.695,776.6,774.205,774.3,71310,0
2015-12-30,21:00:00,774.29,775,771.52,774.74,125349,0
2015-12-30,22:00:00,774.77,776.35,770.34,771.09,229382,0
2015-12-31,16:00:00,769.5,769.5,766.2,767.68,105844,0
2015-12-31,17:00:00,767.92,768.715,763.54,764.7,138995,0
2015-12-31,18:00:00,765,767.45,764.5,767.05,85615,0
2015-12-31,19:00:00,766.98,768.215,766.2,766.8,69451,0
2015-12-31,20:00:00,766.56,766.89,764.07,765.51,58730,0
2015-12-31,21:00:00,765.7471,765.8493,763.26,763.81,127216,0
2015-12-31,22:00:00,763.94,763.94,758.34,758.88,482297,0
2016-01-04,16:00:00,743,744.06,735.24,740.7,339292,0
2016-01-04,17:00:00,740.61,740.8442,731.2577,734.7,353477,0
2016-01-04,18:00:00,734.5,737.9997,731.53,736.14,260932,0
2016-01-04,19:00:00,735.956,737.5,733.58,737.5,197521,0
2016-01-04,20:00:00,737.55,738.22,734.81,735.48,147618,0
2016-01-04,21:00:00,735.5637,738.36,734,737.2212,220911,0
2016-01-04,22:00:00,737.027,742.54,733.51,741.84,714303,0
2016-01-05,16:00:00,746.45,749.04,741.87,742.62,219538,0
2016-01-05,17:00:00,742.48,752,738.64,750.59,250773,0
2016-01-05,18:00:00,750.565,750.92,743.45,744.125,106936,0
2016-01-05,19:00:00,744.3142,745.01,739.74,743.55,137951,0
2016-01-05,20:00:00,744,749.51,742.1501,747.72,116020,0
2016-01-05,21:00:00,747.79,750.73,744.6915,745.19,98328,0
2016-01-05,22:00:00,745,747,741.73,742.58,420680,0
2016-01-06,16:00:00,730,741.38,728.92,739.18,244088,0
2016-01-06,17:00:00,738.495,744.9999,735.42,744.3836,223196,0
2016-01-06,18:00:00,744.23,746.8299,741.57,743.66,126813,0
2016-01-06,19:00:00,744.0299,747.18,742.72,745.315,125544,0
2016-01-06,20:00:00,745.3,746.51,742,742.16,98703,0
2016-01-06,21:00:00,742.21,747.05,738.99,739,166391,0
2016-01-06,22:00:00,739,746,738.81,743.62,376665,0
2016-01-07,16:00:00,730.31,734.5,726.67,727.5899,435461,0
2016-01-07,17:00:00,726.95,737.55,724.61,737.05,331481,0
2016-01-07,18:00:00,736.41,738.5,732.4988,733.86,198366,0
2016-01-07,19:00:00,734.05,736.25,731.64,731.965,117437,0
2016-01-07,20:00:00,732.13,732.34,719.06,723.15,257976,0
2016-01-07,21:00:00,723.24,730.08,721.36,728.38,131101,0
2016-01-07,22:00:00,728.2007,730.22,723.35,726.39,615188,0
2016-01-08,16:00:00,731.45,732.919,724.5,732,364909,0
2016-01-08,17:00:00,731.77,733.23,723.33,723.925,232617,0
2016-01-08,18:00:00,724.25,725.505,715,719.88,251881,0
2016-01-08,19:00:00,720.2,723.4475,719.0208,720.32,183084,0
2016-01-08,20:00:00,720.74,722.15,717.03,720.5357,144153,0
2016-01-08,21:00:00,720.37,721.5,717.18,719.14,132747,0
2016-01-08,22:00:00,719.14,720.33,713,714.47,379795,0
2016-01-11,16:00:00,715.44,717.98,711.58,712.75,190249,0
2016-01-11,17:00:00,712.5,715.64,708.13,709.54,201374,0
2016-01-11,18:00:00,709.36,716.24,706.294,713.2712,221328,0
2016-01-11,19:00:00,713.468,713.755,708.38,709.4633,93823,0
2016-01-11,20:00:00,709.48,710.73,703.54,705.8,167695,0
2016-01-11,21:00:00,705.285,713.475,704.6142,711.4899,163856,0
2016-01-11,22:00:00,711.45,718.855,707.28,716.03,451862,0
2016-01-12,16:00:00,721.68,726.41,721.29,725.59,313249,0
2016-01-12,17:00:00,725.8,728.75,721.61,724.2342,250970,0
2016-01-12,18:00:00,724.4,724.9,718.5,721.2,146680,0
2016-01-12,19:00:00,721.04,723.955,718,720.335,128255,0
2016-01-12,20:00:00,720.325,724.4899,720.25,720.78,91443,0
2016-01-12,21:00:00,721.14,728.68,717.3165,727.824,214650,0
2016-01-12,22:00:00,727.61,728.75,722.345,726.07,302927,0
2016-01-13,16:00:00,730.85,734.74,727.54,728.56,248688,0
2016-01-13,17:00:00,728.57,729.5,724.23,725.905,151990,0
2016-01-13,18:00:00,725.28,725.85,718.26,719.53,153119,0
2016-01-13,19:00:00,719.69,721.59,716.58,717.155,116789,0
2016-01-13,20:00:00,717.06,717.8245,707.3,707.38,165541,0
2016-01-13,21:00:00,707.3576,709.26,698.61,705.52,364141,0
2016-01-13,22:00:00,706.05,711.67,699.55,700.56,494564,0
2016-01-14,16:00:00,705.38,706.08,690.09,690.98,242491,0
2016-01-14,17:00:00,691.46,713.94,689.1,706.46,403955,0
2016-01-14,18:00:00,706.958,711.97,704.4,711.204,135016,0
2016-01-14,19:00:00,710.72,715.57,709.62,712.0682,135922,0
2016-01-14,20:00:00,712.26,719.868,712.01,719.53,140137,0
2016-01-14,21:00:00,719.74,721.88,716.689,721.22,94844,0
2016-01-14,22:00:00,721.35,721.925,713,714.8,411548,0
2016-01-15,16:00:00,692.29,706.74,692.29,699.73,481206,0
2016-01-15,17:00:00,699.9,705.28,695.29,695.927,307679,0
2016-01-15,18:00:00,695.73,700,693.5801,695.33,251204,0
2016-01-15,19:00:00,695.245,696.01,687,692.66,207796,0
2016-01-15,20:00:00,692.85,697,691.53,693.49,287925,0
2016-01-15,21:00:00,693.64,694.99,685.37,694.86,200936,0
2016-01-15,22:00:00,694.87,695.56,690.46,694.45,763388,0
2016-01-19,16:00:00,703.3,707.5699,699.22,699.22,265927,0
2016-01-19,17:00:00,699.46,705,698.2,703.235,257664,0
2016-01-19,18:00:00,703,709.98,701.29,706.94,180386,0
2016-01-19,19:00:00,706.91,708.59,701.05,701.85,139090,0
2016-01-19,20:00:00,702.06,705.13,699.68,700.99,92045,0
2016-01-19,21:00:00,700.74,701.25,693.4101,694.3351,181825,0
2016-01-19,22:00:00,694.21,705.43,693.8563,701.79,454773,0
2016-01-20,16:00:00,688.61,692.12,680.54,682.47,254775,0
2016-01-20,17:00:00,682.23,692.61,678.1701,678.54,328950,0
2016-01-20,18:00:00,678.3,685.41,677.09,680.74,236761,0
2016-01-20,19:00:00,680.54,681.8799,673.26,680.16,289708,0
2016-01-20,20:00:00,680.45,694.67,676.6,692.8401,337786,0
2016-01-20,21:00:00,692.87,693.92,685.34,691.48,274743,0
2016-01-20,22:00:00,691.445,706.85,689.9,698.45,711026,0
2016-01-21,16:00:00,702.18,706,694.46,695.44,266265,0
2016-01-21,17:00:00,695.085,714.8,695.08,710.32,321541,0
2016-01-21,18:00:00,711.08,715.11,707.61,714.565,151337,0
2016-01-21,19:00:00,715,719.19,715,716.17,183190,0
2016-01-21,20:00:00,716.3,717.495,708.27,711.1205,117991,0
2016-01-21,21:00:00,711.3,712.0716,706,709.11,165026,0
2016-01-21,22:00:00,709.55,711.7131,705.88,706.59,370226,0
2016-01-22,16:00:00,723.6,726.75,720.121,726.24,366165,0
2016-01-22,17:00:00,726.51,728.13,723.63,723.7,238056,0
2016-01-22,18:00:00,723.7,726.31,721.83,722.06,125455,0
2016-01-22,19:00:00,722.44,725.94,722,725.51,136151,0
2016-01-22,20:00:00,725.33,726.25,723.84,725.9,88646,0
2016-01-22,21:00:00,726,727.29,724.11,724.74,103171,0
2016-01-22,22:00:00,724.755,725.84,722.94,725.25,389460,0
2016-01-25,16:00:00,723.58,727.8,720.11,725.43,192968,0
2016-01-25,17:00:00,725.31,728,724.47,725.9,114419,0
2016-01-25,18:00:00,725.56,725.77,720.65,722.54,122889,0
2016-01-25,19:00:00,722.34,727.44,721.82,727.01,116423,0
2016-01-25,20:00:00,727.42,729.68,724.38,725.01,122100,0
2016-01-25,21:00:00,724.5,724.5,720.03,720.22,145007,0
2016-01-25,22:00:00,720.275,721.3798,710.01,711.67,365972,0
2016-01-26,16:00:00,713.85,718.28,706.48,708.36,161738,0
2016-01-26,17:00:00,708.7,712.97,706.555,710,186594,0
2016-01-26,18:00:00,709.82,714.43,709.82,710.91,117784,0
2016-01-26,19:00:00,711.68,716.34,711.43,713.82,71332,0
2016-01-26,20:00:00,713.9756,716.91,712.5,712.6,53079,0
2016-01-26,21:00:00,712.58,712.89,708.5237,710.66,79460,0
2016-01-26,22:00:00,710.2501,713.74,709.25,713.04,223096,0
2016-01-27,16:00:00,713.67,714.97,707.69,710.61,85831,0
2016-01-27,17:00:00,710.431,710.4672,702.25,706.63,132216,0
2016-01-27,18:00:00,706.45,714.94,705.88,712.75,119569,0
2016-01-27,19:00:00,712.875,714.7,711.61,711.9011,81317,0
2016-01-27,20:00:00,711.89,713.05,708.43,712.15,113415,0
2016-01-27,21:00:00,712.6703,718.235,702.15,703.3548,295042,0
2016-01-27,22:00:00,703,703,694.39,699.99,350281,0
2016-01-28,16:00:00,722.22,724.66,718.26,721.6828,362620,0
2016-01-28,17:00:00,721.57,721.57,712.35,718.78,331860,0
2016-01-28,18:00:00,718.49,723.55,717.94,719.42,149425,0
2016-01-28,19:00:00,719.19,733.69,718.665,732.34,322127,0
2016-01-28,20:00:00,731.985,732.32,727.31,728.16,135401,0
2016-01-28,21:00:00,728.08,733.32,727.32,728.09,121511,0
2016-01-28,22:00:00,727.98,733.4,727.56,730.96,401237,0
2016-01-29,16:00:00,731.53,744.13,726.8,742.2954,385032,0
2016-01-29,17:00:00,742.47,742.56,733.63,738.15,362012,0
2016-01-29,18:00:00,738.53,743.8,734.87,742.75,213852,0
2016-01-29,19:00:00,743,744.9899,741.94,742.705,163365,0
2016-01-29,20:00:00,742.91,743.51,739.6401,740.68,155397,0
2016-01-29,21:00:00,740.41,741.56,735,735.95,268325,0
2016-01-29,22:00:00,736.13,743.2,736.13,742.95,910510,0
2016-02-01,16:00:00,750.46,751.6,743.27,746.45,326662,0
2016-02-01,17:00:00,746.2152,751.5,743.75,750.55,419495,0
2016-02-01,18:00:00,750.41,751.01,748.53,750.45,264155,0
2016-02-01,19:00:00,750.67,751.5,749.66,750.92,220304,0
2016-02-01,20:00:00,750.92,757.86,750.43,754.98,325719,0
2016-02-01,21:00:00,755,755,746.5062,750.65,363872,0
2016-02-01,22:00:00,750.65,754.886,748.25,752,742636,0
2016-02-02,16:00:00,784.5,784.77,771.38,783.67,1331357,0
2016-02-02,17:00:00,783.9032,787.77,780.56,785.28,838372,0
2016-02-02,18:00:00,785.5,789.8699,784.8,786.1075,468758,0
2016-02-02,19:00:00,786.08,786.3459,775.33,777.86,457217,0
2016-02-02,20:00:00,777.73,778.77,769.0401,772.27,470106,0
2016-02-02,21:00:00,772.41,774.68,766,766,387399,0
2016-02-02,22:00:00,766,771.88,764.65,764.65,663604,0
2016-02-03,16:00:00,770.22,774.5,760.241,762.9307,453223,0
2016-02-03,17:00:00,762.11,763.818,742.34,748.66,656273,0
2016-02-03,18:00:00,748.67,748.67,736.51,741.56,695714,0
2016-02-03,19:00:00,741.485,743.35,732.69,737.965,369093,0
2016-02-03,20:00:00,737.97,740.25,720.7,720.8,493951,0
2016-02-03,21:00:00,720.55,739.94,720.5,738.2415,880193,0
2016-02-03,22:00:00,738.33,739.41,726,726.95,979613,0
2016-02-04,16:00:00,722.81,724.2,705.7,713.94,647611,0
2016-02-04,17:00:00,713.99,727,708.94,718.26,719631,0
2016-02-04,18:00:00,719.1,720.41,708,711.65,439978,0
2016-02-04,19:00:00,711.57,715.79,708.07,708.81,345564,0
2016-02-04,20:00:00,709.1,714.47,705,707.23,352979,0
2016-02-04,21:00:00,707.25,708,701.86,704.565,641873,0
2016-02-04,22:00:00,704.8399,710.27,702.02,708.01,782381,0
2016-02-05,16:00:00,703.87,703.99,688.8,696.5,682706,0
2016-02-05,17:00:00,696.2,700.49,687.65,691.46,900352,0
2016-02-05,18:00:00,691.34,691.825,680.38,689.36,568507,0
2016-02-05,19:00:00,689.05,691.4,684,688.15,299179,0
2016-02-05,20:00:00,688.15,690.515,684.3001,685.55,320297,0
2016-02-05,21:00:00,685.6775,690,680.81,685.97,382280,0
2016-02-05,22:00:00,685.79,689,680.15,683.551,684292,0
2016-02-08,16:00:00,667.85,679.74,663.06,677.55,681889,0
2016-02-08,17:00:00,677.55,682.8,670,673.31,625211,0
2016-02-08,18:00:00,673.78,675.2,664.82,671.1099,350362,0
2016-02-08,19:00:00,671.1,678.41,669.7055,670.515,203967,0
2016-02-08,20:00:00,670.64,670.98,665.645,669.43,242349,0
2016-02-08,21:00:00,669.41,672.88,665.13,665.705,227081,0
2016-02-08,22:00:00,665.54,684.03,664.4,682.74,712199,0
2016-02-09,16:00:00,672.32,698.92,671,692.11,499374,0
2016-02-09,17:00:00,691.4,699.9,687.25,687.995,480627,0
2016-02-09,18:00:00,687.99,694.2993,685.34,686.3399,229035,0
2016-02-09,19:00:00,685.62,687.32,676.45,677.33,237075,0
2016-02-09,20:00:00,677.34,678.2,668.77,673.95,356182,0
2016-02-09,21:00:00,674.25,687.14,674.01,683.68,329843,0
2016-02-09,22:00:00,684,689.48,676.28,678.11,514003,0
2016-02-10,16:00:00,686.86,695.4,685.1701,694.39,361042,0
2016-02-10,17:00:00,694.58,701.31,689.08,689.66,466608,0
2016-02-10,18:00:00,689.625,693.56,686.25,690.27,251266,0
2016-02-10,19:00:00,690.361,696.73,688.29,696.59,138093,0
2016-02-10,20:00:00,696.03,697.5,691.04,691.5,146867,0
2016-02-10,21:00:00,691.5376,694.9,686.52,687.36,131742,0
2016-02-10,22:00:00,687.6299,691.56,682.13,684.12,416461,0
2016-02-11,16:00:00,675,680.58,672.9,678.845,258080,0
2016-02-11,17:00:00,679.15,682.95,672.54,672.75,289571,0
2016-02-11,18:00:00,672.54,676,668.8675,675.43,275611,0
2016-02-11,19:00:00,674.93,677.79,670.68,676.03,196069,0
2016-02-11,20:00:00,676.525,679.97,674.95,675.6301,244175,0
2016-02-11,21:00:00,675.67,682,670.06,680.46,275381,0
2016-02-11,22:00:00,680.17,689.35,678.84,683.11,485910,0
2016-02-12,16:00:00,690.26,693.75,686.88,688.5108,251383,0
2016-02-12,17:00:00,688.3,689.318,680,681.85,266905,0
2016-02-12,18:00:00,681.77,689.9582,681.44,684.92,214907,0
2016-02-12,19:00:00,685.11,685.99,683.01,683.12,98148,0
2016-02-12,20:00:00,683.599,683.599,678.6,681.81,127593,0
2016-02-12,21:00:00,681.5,685.3,681.23,682.71,129515,0
2016-02-12,22:00:00,683.01,684.2957,680.2801,682.4,496882,0
2016-02-16,16:00:00,692.98,698,691.4801,694.3,257611,0
2016-02-16,17:00:00,694.43,696.124,686.6,687.23,261142,0
2016-02-16,18:00:00,687.19,690.27,685.05,689.74,164500,0
2016-02-16,19:00:00,689.53,690.86,687.28,689.26,154884,0
2016-02-16,20:00:00,689.36,692.27,688.77,691.285,130122,0
2016-02-16,21:00:00,691.53,692.31,689.55,690.99,102257,0
2016-02-16,22:00:00,690.85,691.78,688.37,691,724412,0
2016-02-17,16:00:00,699,699.09,691.38,696.88,261934,0
2016-02-17,17:00:00,696.676,701,695.8011,700.6326,316340,0
2016-02-17,18:00:00,700.36,704.79,699.5,703.1,282971,0
2016-02-17,19:00:00,703.25,707.99,702.3,706.89,240234,0
2016-02-17,20:00:00,706.684,709.28,705.8775,706.29,135857,0
2016-02-17,21:00:00,706.375,709.75,705.4879,707.5,155837,0
2016-02-17,22:00:00,707.5,709.64,706.6,708.4,429434,0
2016-02-18,16:00:00,710,712.35,704.44,705.59,203415,0
2016-02-18,17:00:00,705.27,707.52,701.5783,701.5783,190234,0
2016-02-18,18:00:00,701.46,703.95,699.2205,703.4,171909,0
2016-02-18,19:00:00,703.727,704.3,700.02,701.1,94897,0
2016-02-18,20:00:00,701.16,701.9999,698.6,699.7074,128256,0
2016-02-18,21:00:00,699.79,702.9,699.1,701.61,149963,0
2016-02-18,22:00:00,701.57,702,696.03,697.35,333456,0
2016-02-19,16:00:00,695.03,700.33,694.05,698.41,330819,0
2016-02-19,17:00:00,697.72,702.7,696.2,701.49,213680,0
2016-02-19,18:00:00,700.74,703.0805,698.83,700.15,115423,0
2016-02-19,19:00:00,700.08,702.62,699.5,701.093,80930,0
2016-02-19,20:00:00,701.3,702.4,700.2,702.24,55798,0
2016-02-19,21:00:00,702.24,702.5,699.0001,699.2682,82660,0
2016-02-19,22:00:00,699.54,701.47,698.96,700.91,243864,0
2016-02-22,16:00:00,707.45,707.98,702.51,706.13,186765,0
2016-02-22,17:00:00,705.74,708.3625,703.68,704.9799,234251,0
2016-02-22,18:00:00,704.84,713.16,704.41,713.08,231850,0
2016-02-22,19:00:00,713.24,713.24,708.76,708.84,122340,0
2016-02-22,20:00:00,708.7,710.85,708.68,709.79,92762,0
2016-02-22,21:00:00,709.714,709.9,705.55,705.55,130961,0
2016-02-22,22:00:00,705.505,707,704.45,706.24,402525,0
2016-02-23,16:00:00,701.45,708.4,701.45,704.01,218299,0
2016-02-23,17:00:00,704,704,696.0104,697.99,258437,0
2016-02-23,18:00:00,697.64,700.61,696.59,699.51,169452,0
2016-02-23,19:00:00,699.23,699.37,696.1,698,77532,0
2016-02-23,20:00:00,698.104,698.28,695,696.0045,97546,0
2016-02-23,21:00:00,695.9005,698,694.787,696.08,157092,0
2016-02-23,22:00:00,695.985,699,693.58,695.85,418425,0
2016-02-24,16:00:00,688.92,689.64,683.1,686.45,226252,0
2016-02-24,17:00:00,686.35,686.89,681.15,682.74,228115,0
2016-02-24,18:00:00,682.98,686.6699,680.78,685.38,189210,0
2016-02-24,19:00:00,685.7,687.65,682.3,685.04,130091,0
2016-02-24,20:00:00,685.37,691.58,685.0201,691,124732,0
2016-02-24,21:00:00,690.44,697.96,689.5,694.1001,151201,0
2016-02-24,22:00:00,695.18,700,694.41,699.56,259098,0
2016-02-25,16:00:00,700.01,702.94,692.01,692.3915,248604,0
2016-02-25,17:00:00,692.39,699.56,690.585,696.51,156739,0
2016-02-25,18:00:00,696.059,699.5363,694.75,698.76,91225,0
2016-02-25,19:00:00,698.36,699.98,697.01,699.065,109793,0
2016-02-25,20:00:00,699.41,704.6,699.22,703.26,144059,0
2016-02-25,21:00:00,703.45,703.6,699.998,702.49,92591,0
2016-02-25,22:00:00,702.34,705.98,701.65,705.75,281469,0
2016-02-26,16:00:00,708.58,713.43,707.27,712.14,305356,0
2016-02-26,17:00:00,712,712.69,706,710.32,293927,0
2016-02-26,18:00:00,710.7,710.7,705.52,706.0599,177105,0
2016-02-26,19:00:00,705.6817,706.08,702.01,705.2,213662,0
2016-02-26,20:00:00,705.24,706.5299,701.68,702.55,101215,0
2016-02-26,21:00:00,702.55,704.21,700.86,702.64,150842,0
2016-02-26,22:00:00,703.02,705.9,702.675,705.07,342988,0
2016-02-29,16:00:00,700.32,708.59,700,707.59,204357,0
2016-02-29,17:00:00,707.83,709.24,704.68,705.1645,152515,0
2016-02-29,18:00:00,705.62,708.99,703.4606,708.86,142396,0
2016-02-29,19:00:00,708.67,710.64,707.0911,710.64,142851,0
2016-02-29,20:00:00,710.64,710.89,705.98,706.6231,104807,0
2016-02-29,21:00:00,706.7,707.31,701.22,701.36,153813,0
2016-02-29,22:00:00,701.46,702.57,697.68,697.77,552219,0
2016-03-01,16:00:00,703.62,705.6,699.77,704.29,231523,0
2016-03-01,17:00:00,705,713.33,704.72,711.51,278826,0
2016-03-01,18:00:00,711.055,716,711.055,716,151932,0
2016-03-01,19:00:00,715.99,717.6384,714.01,714.62,122110,0
2016-03-01,20:00:00,714.37,715.435,713,715,115563,0
2016-03-01,21:00:00,714.97,718,714.58,717.96,156843,0
2016-03-01,22:00:00,718.008,718.81,715.765,718.81,384318,0
2016-03-02,16:00:00,719,720,712,715.14,207977,0
2016-03-02,17:00:00,715.2,718.96,714.94,716.62,149827,0
2016-03-02,18:00:00,716.31,719.225,713.39,713.39,167056,0
2016-03-02,19:00:00,713.35,717.79,713.07,717.47,78341,0
2016-03-02,20:00:00,717.59,717.79,714.1,714.1001,86199,0
2016-03-02,21:00:00,714.22,716.75,712.8,715.65,153694,0
2016-03-02,22:00:00,715.76,719,714.54,718.85,230793,0
2016-03-03,16:00:00,718.68,719.45,713,713.65,192959,0
2016-03-03,17:00:00,713.71,714.16,711.11,711.97,262934,0
2016-03-03,18:00:00,711.92,714,706.02,712.34,239619,0
2016-03-03,19:00:00,712.4,712.85,710.28,710.71,64642,0
2016-03-03,20:00:00,710.99,713.32,709.79,711.43,171690,0
2016-03-03,21:00:00,711.46,713.13,710.65,710.815,113991,0
2016-03-03,22:00:00,710.93,712.58,710.38,712.42,276094,0
2016-03-04,16:00:00,714.99,716.49,706.02,708.045,235354,0
2016-03-04,17:00:00,708.2999,709,706.1,707.51,176004,0
2016-03-04,18:00:00,707.78,712.5,707.47,709.42,195608,0
2016-03-04,19:00:00,709.74,710.4999,708.74,709.735,86428,0
2016-03-04,20:00:00,709.64,714.81,709.02,714.62,173933,0
2016-03-04,21:00:00,714.8,715.69,708.66,709.59,173892,0
2016-03-04,22:00:00,709.69,712.19,708.65,710.89,250210,0
2016-03-07,16:00:00,706.9,708.0912,698.89,699.07,265472,0
2016-03-07,17:00:00,698.99,702.3295,697.2,699.1093,270266,0
2016-03-07,18:00:00,698.81,703.42,697.7,701.5501,210429,0
2016-03-07,19:00:00,701.6,702.185,698.28,698.43,130464,0
2016-03-07,20:00:00,698.78,699.9,691.25,691.25,238159,0
2016-03-07,21:00:00,691.365,693,686.9,689.14,301113,0
2016-03-07,22:00:00,689.325,697.59,687,695.16,587447,0
2016-03-08,16:00:00,688.59,701.18,685.34,696.89,371926,0
2016-03-08,17:00:00,696.25,700.68,694.88,698.49,153681,0
2016-03-08,18:00:00,698.49,703.79,697.11,703.1875,211360,0
2016-03-08,19:00:00,703.375,703.72,699.27,700.5,97520,0
2016-03-08,20:00:00,700.58,702.24,698.6801,700.88,70973,0
2016-03-08,21:00:00,700.64,701.45,695.3,696.235,132641,0
2016-03-08,22:00:00,696.02,696.75,691.2,693.97,332163,0
2016-03-09,16:00:00,698.47,700.2,694,698.81,143441,0
2016-03-09,17:00:00,698.9,705.68,698.58,700.455,170142,0
2016-03-09,18:00:00,700.74,703.67,700.74,703.495,77910,0
2016-03-09,19:00:00,703.1376,703.5,699.91,701.26,65907,0
2016-03-09,20:00:00,700.9,704.915,700.8,704.0301,95266,0
2016-03-09,21:00:00,704.25,705.29,702.69,703.9,86940,0
2016-03-09,22:00:00,703.7,705.25,701.622,705.24,279170,0
2016-03-10,16:00:00,708.12,715.85,703.36,715.15,322820,0
2016-03-10,17:00:00,715.45,716.44,707,709.39,296810,0
2016-03-10,18:00:00,709.425,713.31,706.4416,711.37,322234,0
2016-03-10,19:00:00,710.95,712.53,707,708.656,218136,0
2016-03-10,20:00:00,708.85,709.46,704.9,706.9,170491,0
2016-03-10,21:00:00,706.71,714.72,706,712.0894,225986,0
2016-03-10,22:00:00,712.08,715.64,711.19,712.82,386506,0
2016-03-11,16:00:00,720,723.02,717.125,721.565,192573,0
2016-03-11,17:00:00,721.49,724.21,718.72,722,258847,0
2016-03-11,18:00:00,721.8021,723.35,721.33,721.77,104180,0
2016-03-11,19:00:00,721.795,723.13,721.35,722.4,103494,0
2016-03-11,20:00:00,722.3314,723.51,721.35,723.3601,94435,0
2016-03-11,21:00:00,723.46,724.6,723.14,724.6,138646,0
2016-03-11,22:00:00,724.32,726.92,724.31,726.82,446436,0
2016-03-14,15:00:00,726.81,731.265,725.15,728,198606,0
2016-03-14,16:00:00,728.32,731.58,727.502,731.0508,165920,0
2016-03-14,17:00:00,731.05,733.65,730.58,732.53,137116,0
2016-03-14,18:00:00,732.72,735.5,732.69,733.35,137306,0
2016-03-14,19:00:00,733.34,733.69,731.75,731.75,98578,0
2016-03-14,20:00:00,731.7,732.23,729.21,732.21,151962,0
2016-03-14,21:00:00,732.17,733.3,730.3,730.49,251782,0
2016-03-15,15:00:00,726.92,728.75,725.1,726.99,153445,0
2016-03-15,16:00:00,726.67,727.76,724.77,725.66,180376,0
2016-03-15,17:00:00,725.66,730.88,725.35,727.55,120930,0
2016-03-15,18:00:00,727.85,731.81,727.14,730.5,66228,0
2016-03-15,19:00:00,730.55,732.29,730.01,731.455,87562,0
2016-03-15,20:00:00,731.64,731.86,729.64,730.8,116897,0
2016-03-15,21:00:00,730.97,731.65,727.315,728.33,355295,0
2016-03-16,15:00:00,726.37,730.82,724.51,727.2101,122982,0
2016-03-16,16:00:00,726.9,728.76,725.3,727.44,144269,0
2016-03-16,17:00:00,727.3128,729.84,726.46,729.34,113900,0
2016-03-16,18:00:00,729.47,730.33,727.01,727.1,100205,0
2016-03-16,19:00:00,727.01,729.93,726.9,729.02,72337,0
2016-03-16,20:00:00,729.24,735.5,729.0901,732.75,209384,0
2016-03-16,21:00:00,732.83,737.47,732.4,736.09,346595,0
2016-03-17,15:00:00,736.45,741.66,736.14,738.67,244249,0
2016-03-17,16:00:00,738.3538,741.79,736.05,740.28,189801,0
2016-03-17,17:00:00,740.22,741.66,739.39,740.76,104667,0
2016-03-17,18:00:00,740.97,743.07,739.7441,740.83,140954,0
2016-03-17,19:00:00,741.29,742.36,740.5736,740.5736,102753,0
2016-03-17,20:00:00,740.53,742.31,736,736.1472,166786,0
2016-03-17,21:00:00,736.25,739.46,736.23,737.78,380710,0
2016-03-18,15:00:00,741.86,742,731.83,733.7,672914,0
2016-03-18,16:00:00,733.78,736.5,732.43,735.22,166938,0
2016-03-18,17:00:00,735.22,738.14,734.7,736.24,210002,0
2016-03-18,18:00:00,736.23,736.5,735.08,735.14,83844,0
2016-03-18,19:00:00,735.2668,735.33,732.43,733.4,135645,0
2016-03-18,20:00:00,733.52,735.42,733.26,735.0717,117229,0
2016-03-18,21:00:00,735.25,738.52,735.1801,737.6,595277,0
2016-03-21,15:00:00,736.5,741.2623,735.7701,737.27,138246,0
2016-03-21,16:00:00,737.39,737.53,733.5157,734.31,233999,0
2016-03-21,17:00:00,734.2,740.1742,734.08,738.3,105324,0
2016-03-21,18:00:00,738.48,740.17,737.81,739.35,72610,0
2016-03-21,19:00:00,739.17,741.11,738.11,740.914,86398,0
2016-03-21,20:00:00,741.04,742.5,739.77,742.1775,117914,0
2016-03-21,21:00:00,742.21,742.38,739.15,742.09,442075,0
2016-03-22,15:00:00,737.46,745,737.46,743.75,149479,0
2016-03-22,16:00:00,743.92,744.85,741.5,742.65,127728,0
2016-03-22,17:00:00,742.3301,743.52,739,739,104600,0
2016-03-22,18:00:00,739.2045,743.3,739.2,742.72,78217,0
2016-03-22,19:00:00,742.67,744.25,742.67,743.0665,63375,0
2016-03-22,20:00:00,743.27,744.2688,741,741.15,69970,0
2016-03-22,21:00:00,741.2,742.28,739.52,740.75,260683,0
2016-03-23,15:00:00,742.36,745.7199,736.15,738.315,183775,0
2016-03-23,16:00:00,738.41,743.46,738.36,741.63,136050,0
2016-03-23,17:00:00,741.25,742.5,737.74,738.63,108876,0
2016-03-23,18:00:00,738.54,740.76,738.3,740.09,89458,0
2016-03-23,19:00:00,740.09,741.47,739.5,740.06,88325,0
2016-03-23,20:00:00,740.131,741.94,737.7,738.02,100908,0
2016-03-23,21:00:00,737.89,738.92,736.5,738.06,276335,0
2016-03-24,15:00:00,732.01,737.747,732.01,734.19,145740,0
2016-03-24,16:00:00,734.33,735.9616,733.5812,734.77,138995,0
2016-03-24,17:00:00,734.91,735.32,733.13,733.47,103794,0
2016-03-24,18:00:00,733.57,733.86,731,732.76,166485,0
2016-03-24,19:00:00,732.81,733.775,731.9987,732.38,48319,0
2016-03-24,20:00:00,731.57,734.8,731.195,734.5,88431,0
2016-03-24,21:00:00,734.66,735.75,733.63,735.3,378994,0
2016-03-28,16:00:00,736.79,738.99,734.3,735.2049,122630,0
2016-03-28,17:00:00,735.2343,738.99,734.5101,737.54,156221,0
2016-03-28,18:00:00,738,738.43,735.32,737.28,86748,0
2016-03-28,19:00:00,737.09,737.7399,735.58,737.1301,59085,0
2016-03-28,20:00:00,737.13,737.13,734.12,735.18,78516,0
2016-03-28,21:00:00,735,736.65,732.5,733.255,174668,0
2016-03-28,22:00:00,733.26,734.84,733.17,733.53,238084,0
2016-03-29,16:00:00,734.59,734.59,728.76,730.7753,174625,0
2016-03-29,17:00:00,730.89,735.44,730.02,734.09,174948,0
2016-03-29,18:00:00,734.23,739.79,733.9,739.75,205600,0
2016-03-29,19:00:00,739.79,742.25,738.15,741.5925,121990,0
2016-03-29,20:00:00,741.38,744.71,740.87,744.45,88493,0
2016-03-29,21:00:00,744.18,747.16,743.56,744.795,167026,0
2016-03-29,22:00:00,744.795,747.25,744.12,744.77,418150,0
2016-03-30,16:00:00,750.1,756.32,748.74,755.9508,263501,0
2016-03-30,17:00:00,756.28,757.7,754.14,757.58,238469,0
2016-03-30,18:00:00,757.569,757.88,753,753.38,158173,0
2016-03-30,19:00:00,753.51,753.6488,750.87,752.42,95193,0
2016-03-30,20:00:00,752.45,752.61,751.01,751.43,108507,0
2016-03-30,21:00:00,751.351,752.46,749.7,751.48,144769,0
2016-03-30,22:00:00,751.2728,753,750,750.53,217373,0
2016-03-31,16:00:00,749.25,750.43,746.97,748.25,112693,0
2016-03-31,17:00:00,748.315,750.85,747.92,750.02,121851,0
2016-03-31,18:00:00,750,750.35,748.54,749.3925,116827,0
2016-03-31,19:00:00,749.48,749.65,746.69,747.23,110615,0
2016-03-31,20:00:00,747.2,747.35,743.03,743.732,170639,0
2016-03-31,21:00:00,743.35,744.32,740.94,743.47,129374,0
2016-03-31,22:00:00,743.535,746.31,743.12,744.95,363642,0
2016-04-01,16:00:00,738.6,742.4,737,741.71,181867,0
2016-04-01,17:00:00,741.77,745.92,740.615,745.5,169464,0
2016-04-01,18:00:00,745.55,748.98,744.54,747.2,126366,0
2016-04-01,19:00:00,747.44,747.92,744.01,747.59,101048,0
2016-04-01,20:00:00,747.1,748.7264,746.83,747.25,72561,0
2016-04-01,21:00:00,747.66,749,746.75,748.34,124725,0
2016-04-01,22:00:00,748.41,750.34,747.8,749.91,317430,0
2016-04-04,16:00:00,750.06,752.8,747.05,748.87,140149,0
2016-04-04,17:00:00,749,749.42,744.05,744.05,127849,0
2016-04-04,18:00:00,744.19,744.74,742.43,743.209,112245,0
2016-04-04,19:00:00,742.65,746.97,742.45,745.57,59300,0
2016-04-04,20:00:00,745.44,746.72,744.08,744.08,37027,0
2016-04-04,21:00:00,744.3106,744.39,742.7,743.065,47638,0
2016-04-04,22:00:00,743.06,745.31,742.75,745.29,256565,0
2016-04-05,16:00:00,738,742.8,735.37,737.93,176861,0
2016-04-05,17:00:00,737.67,741.72,737.005,738.021,139599,0
2016-04-05,18:00:00,737.59,740.9699,737.41,738.08,102859,0
2016-04-05,19:00:00,738.12,739.45,736.34,737.81,102648,0
2016-04-05,20:00:00,738.03,741,737.7,739.94,37651,0
2016-04-05,21:00:00,739.65,741.15,738.44,741.01,64271,0
2016-04-05,22:00:00,741.01,741.029,737,737.8,156996,0
2016-04-06,16:00:00,735.77,742.94,735.56,741.21,108951,0
2016-04-06,17:00:00,741.533,742.2,737.16,741.07,94647,0
2016-04-06,18:00:00,740.97,743.7453,740.6805,742.82,103992,0
2016-04-06,19:00:00,743.08,743.61,741.26,741.26,67598,0
2016-04-06,20:00:00,741.05,743.38,741.05,742.0001,47814,0
2016-04-06,21:00:00,742.38,742.94,740.79,742.73,54521,0
2016-04-06,22:00:00,742.98,746.24,742.44,745.69,242707,0
2016-04-07,16:00:00,745.37,746.9999,743.7,744.23,183886,0
2016-04-07,17:00:00,744.32,745.96,738.99,739.1,128904,0
2016-04-07,18:00:00,739.2999,742.4,738.82,742.19,106776,0
2016-04-07,19:00:00,742.52,742.605,739.5,741.66,112082,0
2016-04-07,20:00:00,741.65,743.37,738.2,738.2,48242,0
2016-04-07,21:00:00,738.11,738.53,736.28,736.97,110961,0
2016-04-07,22:00:00,736.65,740.6,736.51,740.28,335994,0
2016-04-08,16:00:00,743.97,745.45,740.03,743.3,171858,0
2016-04-08,17:00:00,743.63,745.3,739,739.86,152355,0
2016-04-08,18:00:00,739.97,741.37,735.64,738.35,142034,0
2016-04-08,19:00:00,738.27,738.79,735.7,738.23,72972,0
2016-04-08,20:00:00,738.24,738.5,735.55,738.0375,49772,0
2016-04-08,21:00:00,738.07,739.33,736.76,737.6,59276,0
2016-04-08,22:00:00,737.6,739.19,736,739.15,214304,0
2016-04-11,16:00:00,743.02,744.75,738.5,741.26,120928,0
2016-04-11,17:00:00,742,744.5,739.69,739.69,129796,0
2016-04-11,18:00:00,739.7639,742,738.35,741.6,109685,0
2016-04-11,19:00:00,741.74,744.7,740.84,744.66,67987,0
2016-04-11,20:00:00,744.75,744.92,742.42,742.82,101303,0
2016-04-11,21:00:00,742.96,745,741.745,744.83,81104,0
2016-04-11,22:00:00,744.84,744.94,736.05,736.1,197639,0
2016-04-12,16:00:00,738,738.4596,731.01,734.85,148493,0
2016-04-12,17:00:00,734.94,736.5,731.525,736.13,175499,0
2016-04-12,18:00:00,736.3183,739,735.8,737.94,110029,0
2016-04-12,19:00:00,738.18,740.16,737.5,739.45,70261,0
2016-04-12,20:00:00,739.73,740.4504,737.14,739.6971,100248,0
2016-04-12,21:00:00,739.9494,742.79,739.7859,742.46,82259,0
2016-04-12,22:00:00,742.47,743.83,741.4401,743.09,219029,0
2016-04-13,16:00:00,749.16,752.45,747.66,752.2578,162506,0
2016-04-13,17:00:00,752.295,754.38,749.521,750.34,181982,0
2016-04-13,18:00:00,750.3801,753.24,744.261,748.315,179674,0
2016-04-13,19:00:00,748.295,750.3399,745.25,749.3,146659,0
2016-04-13,20:00:00,748.86,749.575,746.97,747.93,82258,0
2016-04-13,21:00:00,747.88,749.35,746.256,747.215,90098,0
2016-04-13,22:00:00,747.255,753.11,747.21,751.72,350402,0
2016-04-14,16:00:00,754.01,755,752.9,754.24,108343,0
2016-04-14,17:00:00,754.36,757.27,753.7701,756.2301,128416,0
2016-04-14,18:00:00,756.18,757.31,754.5,756.72,86665,0
2016-04-14,19:00:00,756.49,757,755.16,756.38,76977,0
2016-04-14,20:00:00,756.68,757.24,753.5,753.94,52655,0
2016-04-14,21:00:00,754,755.3,752.705,754.74,85508,0
2016-04-14,22:00:00,754.7,755.79,752.78,753.2,273587,0
2016-04-15,16:00:00,753.98,758.452,752.6938,758.11,282237,0
2016-04-15,17:00:00,758.01,760.76,757.4,760.25,194829,0
2016-04-15,18:00:00,760.01,761,758.21,759.32,98391,0
2016-04-15,19:00:00,759.29,760.3564,758.56,758.69,88478,0
2016-04-15,20:00:00,758.83,758.96,757.74,758.08,94789,0
2016-04-15,21:00:00,757.97,760.21,757.84,760.21,126119,0
2016-04-15,22:00:00,760.24,760.69,758.94,759,421432,0
2016-04-18,16:00:00,760.46,762,757.3,761.8334,138102,0
2016-04-18,17:00:00,761.59,768,761.59,764.65,230976,0
2016-04-18,18:00:00,764.52,766.9,761.51,762.2999,106345,0
2016-04-18,19:00:00,762,767.37,762,765.63,80630,0
2016-04-18,20:00:00,765.61,768,763.55,768,64528,0
2016-04-18,21:00:00,767.78,768.05,765.36,765.51,62635,0
2016-04-18,22:00:00,765.67,766.99,764.69,766.61,212036,0
2016-04-19,16:00:00,769.51,769.9,754.23,756.41,249873,0
2016-04-19,17:00:00,756.38,763.24,754.8,759.4899,279668,0
2016-04-19,18:00:00,759.49,759.53,752.25,752.25,128700,0
2016-04-19,19:00:00,752.45,756.26,749.33,756.26,150145,0
2016-04-19,20:00:00,755.86,756.99,754.1,756.98,105118,0
2016-04-19,21:00:00,756.97,757.61,753.04,753.3786,101200,0
2016-04-19,22:00:00,753.12,756.205,752.55,753.93,282217,0
2016-04-20,16:00:00,758,758.1315,751.37,752.95,140165,0
2016-04-20,17:00:00,752.901,754.6,750.01,752.33,162581,0
2016-04-20,18:00:00,752.59,757.23,752.29,753.21,138678,0
2016-04-20,19:00:00,753.54,754.69,750.74,752.43,122829,0
2016-04-20,20:00:00,752.17,754,750.59,753.7,139918,0
2016-04-20,21:00:00,753.4,756.97,753.28,754.66,88191,0
2016-04-20,22:00:00,754.52,755.4663,751.81,752.67,283810,0
2016-04-21,16:00:00,755.38,756.24,749.55,751.25,195195,0
2016-04-21,17:00:00,751.25,759.5,751.07,758.59,217082,0
2016-04-21,18:00:00,758.75,760,754.5,758.6274,185150,0
2016-04-21,19:00:00,758.515,759,756.53,756.93,110664,0
2016-04-21,20:00:00,757.2099,758.49,756.2485,757.56,144241,0
2016-04-21,21:00:00,757.8,758.492,754.27,755.8,188780,0
2016-04-21,22:00:00,755.575,760.43,755.545,759.14,496276,0
2016-04-22,16:00:00,726.3,736.12,719.96,720.39,1271708,0
2016-04-22,17:00:00,720.4,725.54,713.61,716.59,1049922,0
2016-04-22,18:00:00,716.59,718.7741,715,716.8961,376206,0
2016-04-22,19:00:00,716.8225,717.72,714.5,715.38,303760,0
2016-04-22,20:00:00,715.68,720.96,715.66,719.35,241043,0
2016-04-22,21:00:00,719.22,720.97,718.73,720.79,243562,0
2016-04-22,22:00:00,720.83,722.5,717.58,718.77,779784,0
2016-04-25,16:00:00,716.1,722.67,715.59,721.39,254368,0
2016-04-25,17:00:00,721.32,721.86,716.708,719.3699,233891,0
2016-04-25,18:00:00,719.07,720.49,717.19,717.8,114254,0
2016-04-25,19:00:00,717.73,721.2,717.25,719.69,109040,0
2016-04-25,20:00:00,719.73,723.93,719.41,723.56,126888,0
2016-04-25,21:00:00,723.655,723.89,720.35,722.87,111485,0
2016-04-25,22:00:00,722.75,723.4985,720.19,723.15,355646,0
2016-04-26,16:00:00,725.42,725.766,720.86,721.5,217045,0
2016-04-26,17:00:00,721.565,721.59,716.59,718.21,241569,0
2016-04-26,18:00:00,718.49,718.49,716.18,716.78,129559,0
2016-04-26,19:00:00,716.88,718.25,715.81,715.88,116732,0
2016-04-26,20:00:00,716.1486,716.32,712.1,713.18,199053,0
2016-04-26,21:00:00,713.409,713.78,705.501,705.93,323968,0
2016-04-26,22:00:00,705.94,708.93,703.0264,708.14,776573,0
2016-04-27,16:00:00,707.29,708.98,697.93,698.78,319258,0
2016-04-27,17:00:00,698.93,699.09,692.3651,698.66,552525,0
2016-04-27,18:00:00,698.7,703,698.15,702.5925,207741,0
2016-04-27,19:00:00,702.16,702.24,698.525,698.93,120098,0
2016-04-27,20:00:00,698.7401,699.31,696.3,696.4,102189,0
2016-04-27,21:00:00,696.6,700.088,694.42,700,228651,0
2016-04-27,22:00:00,700.05,708,700,705.84,603329,0
2016-04-28,16:00:00,708.26,714.17,707,709.84,284050,0
2016-04-28,17:00:00,709.86,710.7988,706.15,707.5278,252632,0
2016-04-28,18:00:00,707.4,709.398,706.6,707.0275,122174,0
2016-04-28,19:00:00,707.12,707.22,699.81,701.18,234423,0
2016-04-28,20:00:00,701.115,701.24,697.5584,698.25,202973,0
2016-04-28,21:00:00,698.4834,699.22,695.833,696.5,266882,0
2016-04-28,22:00:00,696.5,696.74,689.55,691.02,681675,0
2016-04-29,16:00:00,690.7,697.62,690.25,692.35,386090,0
2016-04-29,17:00:00,692.25,696.4973,691,692.34,276306,0
2016-04-29,18:00:00,692.07,694.55,689,689.65,181663,0
2016-04-29,19:00:00,689.81,693.53,689.16,692.8,153753,0
2016-04-29,20:00:00,692.86,695.43,691,691.42,144117,0
2016-04-29,21:00:00,691.48,693.2699,689.69,690.8699,143574,0
2016-04-29,22:00:00,690.785,694.98,690.2,693.01,424990,0
2016-05-02,16:00:00,697.63,699,694.0025,694.55,231968,0
2016-05-02,17:00:00,694.43,695.8102,691,692,185595,0
2016-05-02,18:00:00,692.15,694.45,691.555,692.32,112655,0
2016-05-02,19:00:00,692.32,693.84,691.6653,692.645,70440,0
2016-05-02,20:00:00,692.89,696.355,692.19,696,108097,0
2016-05-02,21:00:00,696.073,698.98,695.46,698.65,113033,0
2016-05-02,22:00:00,698.786,700.64,697.97,698.21,309095,0
2016-05-03,16:00:00,696.87,697.84,692.59,694.87,166144,0
2016-05-03,17:00:00,694.885,697.3,692.89,696.5,174125,0
2016-05-03,18:00:00,696.1,696.87,693.3,693.82,121545,0
2016-05-03,19:00:00,693.59,695.75,692.4,695.07,107096,0
2016-05-03,20:00:00,695.33,696.85,694.86,695.9936,81616,0
2016-05-03,21:00:00,696.21,696.53,694.01,695.2926,73025,0
2016-05-03,22:00:00,695.63,696.42,692,692.36,272564,0
2016-05-04,16:00:00,690.49,693.85,689.01,693.42,198484,0
2016-05-04,17:00:00,693.235,697.97,692.76,697.97,211337,0
2016-05-04,18:00:00,697.6,699.39,695.81,697.445,132083,0
2016-05-04,19:00:00,698,699.75,695.4,696.83,162885,0
2016-05-04,20:00:00,696.5,697.73,695.82,696.1867,65724,0
2016-05-04,21:00:00,696.29,698.58,694.45,698,114682,0
2016-05-04,22:00:00,697.86,698.06,695.55,695.7,269459,0
2016-05-05,16:00:00,697.7,701.7,696.2608,697.05,169967,0
2016-05-05,17:00:00,696.95,700.16,696.25,699.21,133980,0
2016-05-05,18:00:00,698.98,702.3199,697.97,700.51,148727,0
2016-05-05,19:00:00,700.7,701.4,698.45,699.34,61118,0
2016-05-05,20:00:00,699.26,699.92,695.72,699,134454,0
2016-05-05,21:00:00,698.71,702.23,698.085,701.48,211779,0
2016-05-05,22:00:00,701.245,701.52,699.58,701.41,220598,0
2016-05-06,16:00:00,698.38,704.9999,698.1067,703.66,194979,0
2016-05-06,17:00:00,703.99,707.07,702.64,704.93,183217,0
2016-05-06,18:00:00,704.95,707.35,703.92,705.01,134145,0
2016-05-06,19:00:00,705,706.98,704.82,706.725,78407,0
2016-05-06,20:00:00,706.685,709.67,706.61,709.61,124188,0
2016-05-06,21:00:00,709.72,711.74,708.01,708.03,177752,0
2016-05-06,22:00:00,708.025,711.86,708.01,711.12,377726,0
2016-05-09,16:00:00,712,714.07,710,713.69,151781,0
2016-05-09,17:00:00,713.62,717.2399,712.71,714.7,274008,0
2016-05-09,18:00:00,714.615,716.395,713.503,716.329,95920,0
2016-05-09,19:00:00,716.07,718.1,715.64,718.1,122144,0
2016-05-09,20:00:00,718,718.5,717,717.39,78200,0
2016-05-09,21:00:00,717.38,718.71,716.5,717.8,76893,0
2016-05-09,22:00:00,717.815,717.99,712.68,712.9,206772,0
2016-05-10,16:00:00,716.75,720.45,715.72,719.82,165724,0
2016-05-10,17:00:00,719.61,721.35,718.54,719.76,180681,0
2016-05-10,18:00:00,720,721.5,718.21,721.5,116752,0
2016-05-10,19:00:00,721.58,722.37,720.84,721.7071,123446,0
2016-05-10,20:00:00,721.7785,722.33,720.26,721.48,100799,0
2016-05-10,21:00:00,721.48,722.85,721.18,721.55,101675,0
2016-05-10,22:00:00,721.55,723.5,721.55,723.18,292259,0
2016-05-11,16:00:00,723.41,724.48,719.69,721.88,175604,0
2016-05-11,17:00:00,721.81,723.98,720.0101,722.19,167462,0
2016-05-11,18:00:00,722.19,722.33,720.6,720.83,112626,0
2016-05-11,19:00:00,720.73,721.66,719.98,720.975,97069,0
2016-05-11,20:00:00,721.01,721.18,718.33,718.33,84113,0
2016-05-11,21:00:00,718.6903,720,712.8,717.38,238195,0
2016-05-11,22:00:00,717.4,719.06,715.05,715.29,255053,0
2016-05-12,16:00:00,717.06,719.25,714,714.33,118727,0
2016-05-12,17:00:00,714,717,710.41,711.31,164810,0
2016-05-12,18:00:00,711.89,711.97,709.01,710,156624,0
2016-05-12,19:00:00,709.86,712.09,709,711.8,102841,0
2016-05-12,20:00:00,711.79,713.3999,710.25,713.3999,63075,0
2016-05-12,21:00:00,713.5,718.21,713.5,716.96,97595,0
2016-05-12,22:00:00,717.08,717.605,712.75,713.31,147344,0
2016-05-13,16:00:00,711.93,716,711.87,714.04,133197,0
2016-05-13,17:00:00,714.63,716.6619,710.655,711.11,134927,0
2016-05-13,18:00:00,711.17,713.8699,711.04,712.19,77987,0
2016-05-13,19:00:00,712.15,713.34,710.29,710.86,52162,0
2016-05-13,20:00:00,710.8815,712.46,710.33,710.656,54289,0
2016-05-13,21:00:00,710.52,712.16,709.26,710.64,73438,0
2016-05-13,22:00:00,710.6,712.8499,709.95,710.83,325546,0
2016-05-16,16:00:00,709.13,712.6,705.65,712.405,151919,0
2016-05-16,17:00:00,712.56,713.31,708.1,712.71,148205,0
2016-05-16,18:00:00,712.7,716.25,712.52,716.2,117354,0
2016-05-16,19:00:00,716.21,716.32,713.47,714.51,74855,0
2016-05-16,20:00:00,714.82,715.8,714.17,715.675,56962,0
2016-05-16,21:00:00,715.69,718.48,715.44,717.4958,85036,0
2016-05-16,22:00:00,717.5,718.16,715.68,716.49,175158,0
2016-05-17,16:00:00,715.99,721.52,715.34,719.66,204735,0
2016-05-17,17:00:00,719.51,719.7,712.1815,713.04,248448,0
2016-05-17,18:00:00,713.15,716.34,712.7,714.72,111828,0
2016-05-17,19:00:00,714.56,715.16,711.54,712.29,75377,0
2016-05-17,20:00:00,712.34,713.03,710.01,710.0803,83993,0
2016-05-17,21:00:00,710.22,710.715,704.61,707.72,177173,0
2016-05-17,22:00:00,707.51,708.7199,704.11,706.29,237956,0
2016-05-18,16:00:00,703.67,710.715,703.67,708.15,146237,0
2016-05-18,17:00:00,708.66,711.6,707.05,707.44,127236,0
2016-05-18,18:00:00,707.8865,709.91,707.025,707.7299,101915,0
2016-05-18,19:00:00,707.3,708.07,705.61,708.07,74846,0
2016-05-18,20:00:00,708.28,710.75,708.25,709.78,123102,0
2016-05-18,21:00:00,709.5,709.72,700.63,704.66,257560,0
2016-05-18,22:00:00,704.6,707.28,702.08,706.63,363123,0
2016-05-19,16:00:00,702.36,706,701.015,701.02,99317,0
2016-05-19,17:00:00,701.21,701.48,698.23,699.55,229673,0
2016-05-19,18:00:00,699.36,700.06,696.8,697.41,127289,0
2016-05-19,19:00:00,697.45,699.7,696.9,699.3,131935,0
2016-05-19,20:00:00,699.385,701.54,698.48,699.67,79424,0
2016-05-19,21:00:00,699.6733,702.35,697.87,698.255,156417,0
2016-05-19,22:00:00,698.13,701.84,698.13,700.32,251910,0
2016-05-20,16:00:00,701.62,707.58,700.52,707.25,304536,0
2016-05-20,17:00:00,707.28,712.6,706.83,712.55,281400,0
2016-05-20,18:00:00,712.6,714.58,712.26,712.62,161962,0
2016-05-20,19:00:00,713.12,713.21,711.3,711.49,129428,0
2016-05-20,20:00:00,711.8,711.8,708.52,709.43,126126,0
2016-05-20,21:00:00,709.46,710.4699,709.08,709.11,75699,0
2016-05-20,22:00:00,709.31,709.74,707.8,709.74,237453,0
2016-05-23,16:00:00,706.53,711.4781,705,707.16,136736,0
2016-05-23,17:00:00,707.51,708.93,705.02,705.1,141878,0
2016-05-23,18:00:00,705.02,706.81,704.495,704.865,97794,0
2016-05-23,19:00:00,704.76,706.84,704.5,705.78,90938,0
2016-05-23,20:00:00,705.89,706.85,705.25,706.3,100392,0
2016-05-23,21:00:00,706.3,708.25,705.865,707.23,65346,0
2016-05-23,22:00:00,707.3599,707.71,704.18,704.24,235419,0
2016-05-24,16:00:00,706.86,713.81,706.86,712.965,187653,0
2016-05-24,17:00:00,713.23,718.5,713.05,717.2554,277666,0
2016-05-24,18:00:00,717.43,720.2,716.57,720,194566,0
2016-05-24,19:00:00,720.04,720.34,717.65,717.86,120918,0
2016-05-24,20:00:00,717.99,718.69,717.34,718.28,94059,0
2016-05-24,21:00:00,718.39,720,718.15,719.07,114095,0
2016-05-24,22:00:00,719,720.97,718.69,720.09,272878,0
2016-05-25,16:00:00,720.76,726.09,719.7047,725.55,235169,0
2016-05-25,17:00:00,725.2915,726.66,723.32,726.02,210074,0
2016-05-25,18:00:00,726.11,726.865,723.41,725.38,108137,0
2016-05-25,19:00:00,725.42,725.5,724.02,724.305,67391,0
2016-05-25,20:00:00,724.76,727.51,724.73,727.08,111089,0
2016-05-25,21:00:00,727.28,727.51,724.78,725.02,100234,0
2016-05-25,22:00:00,725.02,726.59,724,725.27,239371,0
2016-05-26,16:00:00,722.87,728.33,722.87,723.67,171740,0
2016-05-26,17:00:00,723.78,726.19,722.63,723.2,182363,0
2016-05-26,18:00:00,722.91,724.55,721.61,721.96,126544,0
2016-05-26,19:00:00,721.97,722.65,720.28,720.43,167402,0
2016-05-26,20:00:00,720.56,722.35,720.42,720.48,115785,0
2016-05-26,21:00:00,720.5625,724.3299,720.41,724.07,108806,0
2016-05-26,22:00:00,724.09,724.96,723.34,724.12,242127,0
2016-05-27,16:00:00,724.01,731.93,724,730.49,264669,0
2016-05-27,17:00:00,730.6,733.32,730.19,732.16,207113,0
2016-05-27,18:00:00,732.33,733.35,731.71,732.53,138100,0
2016-05-27,19:00:00,732.745,733.36,732.11,733.35,84635,0
2016-05-27,20:00:00,733.26,733.936,731.37,731.41,113237,0
2016-05-27,21:00:00,731.41,733.385,730.8,732.87,145176,0
2016-05-27,22:00:00,732.77,732.9,731.19,732.66,370666,0
2016-05-31,16:00:00,731.74,739.3,731.45,738.22,281361,0
2016-05-31,17:00:00,738.2,739.73,734.5,735.8,209119,0
2016-05-31,18:00:00,735.61,736.87,734.06,735.0792,87340,0
2016-05-31,19:00:00,734.97,734.97,731.84,732.185,110366,0
2016-05-31,20:00:00,732.23,734.61,731.68,734.2375,115593,0
2016-05-31,21:00:00,734.05,734.05,731.26,733.3572,157396,0
2016-05-31,22:00:00,733.27,736.79,732.3,735.55,231530,0
2016-06-01,16:00:00,734.53,735.32,730.66,731.52,112367,0
2016-06-01,17:00:00,732.04,736.47,731.32,736.306,143127,0
2016-06-01,18:00:00,736.295,737.21,733.35,735.61,103302,0
2016-06-01,19:00:00,735.72,736.75,735.06,736.53,110312,0
2016-06-01,20:00:00,736.48,736.61,734.35,734.94,69407,0
2016-06-01,21:00:00,734.91,736.15,734.465,736.15,87333,0
2016-06-01,22:00:00,736.2,736.42,733,734.15,240920,0
2016-06-02,16:00:00,732.5,733.02,724.17,725.02,192175,0
2016-06-02,17:00:00,725.215,729.075,724.8,726.87,138643,0
2016-06-02,18:00:00,726.95,728.96,726.53,727.22,100791,0
2016-06-02,19:00:00,727.41,729.68,726.32,729.265,99158,0
2016-06-02,20:00:00,729.17,729.64,727.5,728.57,57151,0
2016-06-02,21:00:00,728.63,729.815,727.9,729.13,77190,0
2016-06-02,22:00:00,729.17,730.4,728.321,730.4,228143,0
2016-06-03,16:00:00,729.27,729.49,722.57,723.49,151361,0
2016-06-03,17:00:00,723.25,723.79,720.56,722.85,144637,0
2016-06-03,18:00:00,723.05,723.58,721.44,723.35,75912,0
2016-06-03,19:00:00,723.48,724.07,722.1,722.26,83870,0
2016-06-03,20:00:00,722.1,723.5299,722,723.1,87798,0
2016-06-03,21:00:00,723.385,724.01,722.37,723.58,49971,0
2016-06-03,22:00:00,723.51,723.81,721.792,722.34,263675,0
2016-06-06,16:00:00,724.91,724.91,720.22,720.53,163293,0
2016-06-06,17:00:00,720.69,721.25,718.57,719.7,147045,0
2016-06-06,18:00:00,719.62,721.31,717,717.41,163562,0
2016-06-06,19:00:00,717.4,718.62,716.5,717.39,119790,0
2016-06-06,20:00:00,717.38,718.63,716.0279,717.8672,116948,0
2016-06-06,21:00:00,718.035,718.36,714.61,714.87,130667,0
2016-06-06,22:00:00,715.14,717.6199,714.85,716.55,273598,0
2016-06-07,16:00:00,719.84,721.1,717.1308,720.77,125556,0
2016-06-07,17:00:00,720.42,721.98,716.9,717.32,114460,0
2016-06-07,18:00:00,717.1201,719.225,716.63,717.9,119889,0
2016-06-07,19:00:00,718.11,720.29,717.58,719.64,95132,0
2016-06-07,20:00:00,719.72,720.32,719.26,720.088,73256,0
2016-06-07,21:00:00,719.97,720.17,718.01,718.045,50526,0
2016-06-07,22:00:00,718.16,719.25,716.55,716.65,366241,0
2016-06-08,16:00:00,723.96,728.29,723.48,725.63,243462,0
2016-06-08,17:00:00,725.5,725.5,720.58,721.64,177202,0
2016-06-08,18:00:00,721.5,727.36,721.225,725.95,156823,0
2016-06-08,19:00:00,725.82,727.1399,725.335,725.95,78919,0
2016-06-08,20:00:00,726.085,727.18,725.7,726.84,80050,0
2016-06-08,21:00:00,726.83,728.285,726.19,727.87,97427,0
2016-06-08,22:00:00,727.879,728.57,726.92,728.28,296568,0
2016-06-09,16:00:00,722.87,726.8986,722.3361,726.5,100377,0
2016-06-09,17:00:00,726.5,727.19,724.51,726.71,79009,0
2016-06-09,18:00:00,726.8344,728.27,726.16,727.1,90449,0
2016-06-09,19:00:00,727.2,727.6,725.05,727.175,76785,0
2016-06-09,20:00:00,727.47,729.54,726.135,727.56,97798,0
2016-06-09,21:00:00,727.54,729.04,726.73,728.6,50666,0
2016-06-09,22:00:00,728.36,729.3543,728.02,728.58,172766,0
2016-06-10,16:00:00,719.47,725.89,719.395,722.5,157694,0
2016-06-10,17:00:00,722.5,723.835,720.07,720.3,97459,0
2016-06-10,18:00:00,720.17,722,719.23,720.65,83295,0
2016-06-10,19:00:00,720.6,721.2966,719.0711,721.15,48413,0
2016-06-10,20:00:00,721.3199,721.79,718.8436,718.92,85021,0
2016-06-10,21:00:00,719.03,719.13,716.43,717.36,112580,0
2016-06-10,22:00:00,717.27,719.64,716.69,719.39,135299,0
2016-06-13,16:00:00,716.51,725.3399,716.51,724.5,117579,0
2016-06-13,17:00:00,724.285,725.44,721.28,723.19,101175,0
2016-06-13,18:00:00,723.0568,723.69,719.45,719.7699,64610,0
2016-06-13,19:00:00,719.48,722.8906,718.9,722.48,67353,0
2016-06-13,20:00:00,722.25,722.82,720.58,720.58,30640,0
2016-06-13,21:00:00,720.78,722,720.06,720.42,37254,0
2016-06-13,22:00:00,720.215,720.77,717.4301,718.36,276482,0
2016-06-14,16:00:00,716.48,722.47,716.11,720.82,89189,0
2016-06-14,17:00:00,720.77,722,715.53,715.71,81809,0
2016-06-14,18:00:00,715.65,717.05,713.13,713.61,102217,0
2016-06-14,19:00:00,713.4,717,713.12,715.835,93788,0
2016-06-14,20:00:00,715.85,717.25,713.45,713.56,72074,0
2016-06-14,21:00:00,713.62,715.84,713.19,713.935,55500,0
2016-06-14,22:00:00,714.03,718.94,713.35,718.27,188704,0
2016-06-15,16:00:00,719,722.46,717.31,722.2825,114375,0
2016-06-15,17:00:00,721.48,721.9999,719.74,721.29,66111,0
2016-06-15,18:00:00,721.24,721.81,718.36,720.78,57299,0
2016-06-15,19:00:00,720.6338,721.02,719.49,719.49,54567,0
2016-06-15,20:00:00,719.55,721,719.29,721,41663,0
2016-06-15,21:00:00,721.03,722.4123,719.89,721.8199,99391,0
2016-06-15,22:00:00,721.9,722.59,718.01,718.92,271030,0
2016-06-16,16:00:00,714.91,716.65,708.19,708.38,210625,0
2016-06-16,17:00:00,708.56,708.62,704.3,704.89,282065,0
2016-06-16,18:00:00,704.835,707.48,703.61,703.72,129509,0
2016-06-16,19:00:00,703.88,708.83,703.26,708.5,163042,0
2016-06-16,20:00:00,708.68,709.75,705.22,705.5,131875,0
2016-06-16,21:00:00,705.485,708.41,705.2973,707.16,130975,0
2016-06-16,22:00:00,707.37,711.11,706.93,710.37,235075,0
2016-06-17,16:00:00,708.65,708.82,692,693.06,741708,0
2016-06-17,17:00:00,693.5399,694.39,689.16,690.37,433854,0
2016-06-17,18:00:00,690.51,691.61,688.4515,689.07,232466,0
2016-06-17,19:00:00,689.12,694.3,689.03,694.04,190874,0
2016-06-17,20:00:00,693.96,695.34,693.06,694.23,138313,0
2016-06-17,21:00:00,694.08,694.325,692.23,692.5028,144958,0
2016-06-17,22:00:00,692.64,692.75,690.245,691.72,499894,0
2016-06-20,16:00:00,698.77,699.71,693.41,699.51,265881,0
2016-06-20,17:00:00,699.8,701.41,699.015,700.74,246884,0
2016-06-20,18:00:00,701,702.48,698.89,699.31,160934,0
2016-06-20,19:00:00,699.39,700.28,698.04,699.87,77837,0
2016-06-20,20:00:00,699.615,700.1,697.28,697.72,85092,0
2016-06-20,21:00:00,697.73,697.81,696.25,697.19,76107,0
2016-06-20,22:00:00,697.23,697.56,693.42,693.71,359432,0
2016-06-21,16:00:00,698.4,702.77,695.66,701.985,179230,0
2016-06-21,17:00:00,701.75,702.32,695,695.5158,155495,0
2016-06-21,18:00:00,695.1408,697.15,692.73,694.67,128284,0
2016-06-21,19:00:00,694.68,696.29,693.38,693.38,90586,0
2016-06-21,20:00:00,693.63,694.7999,692.01,693.36,79816,0
2016-06-21,21:00:00,693.31,695.85,693.24,694.59,75113,0
2016-06-21,22:00:00,694.545,696.95,693.4065,695.94,236848,0
2016-06-22,16:00:00,699.06,700.86,693.0819,693.37,159184,0
2016-06-22,17:00:00,693.5,697.1,693.28,696.66,116577,0
2016-06-22,18:00:00,696.59,699.51,696.26,699.4138,80500,0
2016-06-22,19:00:00,699.3089,699.45,696.17,697.84,65008,0
2016-06-22,20:00:00,698.06,698.218,695.57,697.92,46694,0
2016-06-22,21:00:00,697.6,698.25,696.1637,697.57,34426,0
2016-06-22,22:00:00,697.61,699,696.38,697.68,129324,0
2016-06-23,16:00:00,697.45,698.69,687,690.14,273981,0
2016-06-23,17:00:00,690.1536,693.31,688.5101,693.3,224947,0
2016-06-23,18:00:00,693.175,695.55,693.175,694.73,173527,0
2016-06-23,19:00:00,694.96,695.24,693.3012,694.6501,93421,0
2016-06-23,20:00:00,694.84,696,693.42,693.85,129629,0
2016-06-23,21:00:00,694.15,698.88,693.84,698.2041,120687,0
2016-06-23,22:00:00,698.19,701.95,697.6862,701.87,462437,0
2016-06-24,16:00:00,675.17,687.45,673.45,687.0015,634614,0
2016-06-24,17:00:00,686.4701,689.4,682.57,682.75,366760,0
2016-06-24,18:00:00,682.88,684.29,681.08,684.2,258849,0
2016-06-24,19:00:00,684.3,684.91,679.58,680.59,254588,0
2016-06-24,20:00:00,680.408,682.62,679.77,680.24,162079,0
2016-06-24,21:00:00,680.36,680.961,678.65,679.5112,172481,0
2016-06-24,22:00:00,679.23,680.4,674.76,675.22,963433,0
2016-06-27,16:00:00,671,672.3,668.385,669.04,286421,0
2016-06-27,17:00:00,669.08,669.76,663.75,664.62,317320,0
2016-06-27,18:00:00,664.4,668,663.284,667.205,265891,0
2016-06-27,19:00:00,667.04,671.07,665.76,668.2999,169293,0
2016-06-27,20:00:00,668.245,671.45,666.33,667.44,137681,0
2016-06-27,21:00:00,667.2,669.355,666.265,667.28,114306,0
2016-06-27,22:00:00,667.6,670.56,666.44,668.26,448441,0
2016-06-28,16:00:00,678.97,680.33,674.53,678.71,284447,0
2016-06-28,17:00:00,678.96,679.525,676.1,678.34,231149,0
2016-06-28,18:00:00,678.51,679,674,675.69,116143,0
2016-06-28,19:00:00,675.72,676.64,673,675.16,110618,0
2016-06-28,20:00:00,675.23,675.82,673.26,673.7167,109206,0
2016-06-28,21:00:00,673.8,678.55,673.28,677.87,102118,0
2016-06-28,22:00:00,677.79,680.29,676.28,680.04,242168,0
2016-06-29,16:00:00,683,685.84,682,684.5,188972,0
2016-06-29,17:00:00,684.42,687.4292,681.41,681.655,159454,0
2016-06-29,18:00:00,681.665,684.0938,681.665,683.795,160130,0
2016-06-29,19:00:00,683.87,684.74,681.69,682.16,195425,0
2016-06-29,20:00:00,682.02,684.88,681.655,684.88,138485,0
2016-06-29,21:00:00,684.91,685.69,684.421,685.45,142924,0
2016-06-29,22:00:00,685.52,686.3,683.092,684.11,332842,0
