Date,Time,Open,High,Low,Close,Volume,OpenInt
2015-12-07,16:00:00,35.75,35.89,35.28,35.359,27398,0
2015-12-07,17:00:00,35.36,35.9,35.36,35.875,20311,0
2015-12-07,18:00:00,35.82,36.32,35.81,36.045,26023,0
2015-12-07,19:00:00,36.14,36.15,35.68,35.82,9585,0
2015-12-07,20:00:00,35.815,35.85,35.52,35.61,6355,0
2015-12-07,21:00:00,35.58,35.92,35.45,35.45,13850,0
2015-12-07,22:00:00,35.36,35.6056,35.105,35.24,42677,0
2015-12-08,16:00:00,35.1,35.125,34.65,34.7399,13071,0
2015-12-08,17:00:00,34.87,35.2,34.74,34.97,7860,0
2015-12-08,18:00:00,35.07,35.5,35.07,35.34,5321,0
2015-12-08,19:00:00,35.42,35.48,35.29,35.37,6226,0
2015-12-08,20:00:00,35.3625,35.4,35.295,35.39,9276,0
2015-12-08,21:00:00,35.38,35.72,35.38,35.58,5091,0
2015-12-08,22:00:00,35.52,35.8,35.5,35.74,16350,0
2015-12-09,16:00:00,35.75,35.75,35.5,35.5,1668,0
2015-12-09,17:00:00,35.3941,35.41,35.05,35.1,9946,0
2015-12-09,18:00:00,35.145,35.18,34.52,34.52,8422,0
2015-12-09,19:00:00,34.59,34.605,34.02,34.33,16675,0
2015-12-09,20:00:00,34.38,34.43,34.05,34.07,9950,0
2015-12-09,21:00:00,34.04,34.3,33.95,34.04,22000,0
2015-12-09,22:00:00,34,34.22,33.96,34.09,36180,0
2015-12-10,16:00:00,36.97,36.97,34.98,35.39,10201,0
2015-12-10,17:00:00,35.3605,36.03,34.92,35.015,23502,0
2015-12-10,18:00:00,35.11,35.11,34.16,34.2599,16851,0
2015-12-10,19:00:00,34.18,34.42,33.97,34.14,20201,0
2015-12-10,20:00:00,34.155,34.28,33.7,33.99,41149,0
2015-12-10,21:00:00,34.05,34.5,34.05,34.43,8718,0
2015-12-10,22:00:00,34.47,34.488,34.07,34.26,32830,0
2015-12-11,16:00:00,33.64,33.937,33.505,33.86,5223,0
2015-12-11,17:00:00,33.87,33.98,33.57,33.72,8590,0
2015-12-11,18:00:00,33.76,33.76,33.13,33.39,12212,0
2015-12-11,19:00:00,33.39,33.39,32.72,32.74,12411,0
2015-12-11,20:00:00,32.85,33,32.78,32.9,3797,0
2015-12-11,21:00:00,32.94,33.09,32.82,33.09,10641,0
2015-12-11,22:00:00,33.02,33.02,32.5,32.82,35599,0
2015-12-14,16:00:00,32.74,33.02,32.37,32.41,8267,0
2015-12-14,17:00:00,32.37,32.49,31.41,31.82,36045,0
2015-12-14,18:00:00,31.74,32.04,31.69,31.825,30377,0
2015-12-14,19:00:00,31.84,32.925,31.83,32.54,12280,0
2015-12-14,20:00:00,32.63,32.63,32.34,32.435,13374,0
2015-12-14,21:00:00,32.48,32.775,32.4,32.77,15068,0
2015-12-14,22:00:00,32.75,32.7589,32.52,32.72,10884,0
2015-12-15,16:00:00,32.9,33.3,32.83,33.3,14189,0
2015-12-15,17:00:00,33.28,33.74,33.21,33.66,28338,0
2015-12-15,18:00:00,33.63,33.63,32.96,32.97,11900,0
2015-12-15,19:00:00,33.0099,33.67,32.96,33.67,7162,0
2015-12-15,20:00:00,33.64,34.24,33.64,34.1571,11981,0
2015-12-15,21:00:00,34.15,34.34,34.08,34.115,6407,0
2015-12-15,22:00:00,34.04,34.08,33.76,33.86,18968,0
2015-12-16,16:00:00,33.92,33.9565,33.32,33.35,9810,0
2015-12-16,17:00:00,33.42,33.91,33.38,33.67,27810,0
2015-12-16,18:00:00,33.45,33.53,32.9,33.16,5973,0
2015-12-16,19:00:00,33.09,33.15,32.8,32.8,12183,0
2015-12-16,20:00:00,32.845,33.11,32.81,33.11,12058,0
2015-12-16,21:00:00,33.18,33.5,32.85,33.1742,9050,0
2015-12-16,22:00:00,33.24,33.36,33.08,33.15,4500,0
2015-12-17,16:00:00,32.92,33.03,32.71,33,20619,0
2015-12-17,17:00:00,33.15,33.4,32.94,33.04,36815,0
2015-12-17,18:00:00,32.99,33.06,32.1044,32.32,16871,0
2015-12-17,19:00:00,32.31,32.43,32.03,32.13,7300,0
2015-12-17,20:00:00,32.12,32.38,32.105,32.3,5836,0
2015-12-17,21:00:00,32.29,32.29,31.57,31.85,22429,0
2015-12-17,22:00:00,31.84,31.98,31.68,31.71,54191,0
2015-12-18,16:00:00,31.51,31.6128,31.46,31.472,30792,0
2015-12-18,17:00:00,31.54,31.56,31.16,31.41,16574,0
2015-12-18,18:00:00,31.36,32.4,31.2,32.39,28042,0
2015-12-18,19:00:00,32.29,32.295,31.979,32.08,14695,0
2015-12-18,20:00:00,32.04,32.15,31.76,31.88,7063,0
2015-12-18,21:00:00,31.86,32.04,31.76,31.771,5091,0
2015-12-18,22:00:00,31.83,31.9657,31.22,31.23,38568,0
2015-12-21,16:00:00,31.75,32.115,31.25,32.02,22614,0
2015-12-21,17:00:00,32.12,32.47,32.06,32.24,14999,0
2015-12-21,18:00:00,32.29,32.33,31.93,32.04,15335,0
2015-12-21,19:00:00,31.99,32.38,31.99,32.38,8629,0
2015-12-21,20:00:00,32.38,32.48,32.29,32.44,8900,0
2015-12-21,21:00:00,32.44,32.49,32.071,32.11,7422,0
2015-12-21,22:00:00,32.17,32.18,31.99,32.06,35503,0
2015-12-22,16:00:00,32.11,32.2,31.75,31.91,9674,0
2015-12-22,17:00:00,32.09,32.68,31.98,32.24,9000,0
2015-12-22,18:00:00,32.18,32.44,32.18,32.4,8211,0
2015-12-22,19:00:00,32.32,32.59,32.28,32.59,7300,0
2015-12-22,20:00:00,32.64,32.95,32.55,32.86,10006,0
2015-12-22,21:00:00,32.85,32.99,32.81,32.92,27755,0
2015-12-22,22:00:00,32.92,33.29,32.89,33.26,23311,0
2015-12-23,16:00:00,33.5,33.5,33.23,33.42,7815,0
2015-12-23,17:00:00,33.48,33.84,33.4,33.56,14429,0
2015-12-23,18:00:00,33.64,33.73,33.4992,33.52,9907,0
2015-12-23,19:00:00,33.53,33.54,32.905,32.905,5316,0
2015-12-23,20:00:00,32.89,33.37,32.89,33.37,5009,0
2015-12-23,21:00:00,33.33,33.38,33.09,33.29,5700,0
2015-12-23,22:00:00,33.34,33.34,32.87,33.18,16941,0
2015-12-24,16:00:00,32.87,33.22,32.7701,33.22,3392,0
2015-12-24,17:00:00,33.23,33.42,33.12,33.42,7350,0
2015-12-24,18:00:00,33.42,33.46,33.1,33.33,5750,0
2015-12-24,19:00:00,33.34,33.55,33.19,33.2,9710,0
2015-12-24,20:00:00,33.19,33.19,33.19,33.19,2129,0
2015-12-28,16:00:00,33.25,33.35,33.22,33.28,3275,0
2015-12-28,17:00:00,33.18,33.2,32.93,33,5533,0
2015-12-28,18:00:00,32.99,33.17,32.96,32.97,1996,0
2015-12-28,19:00:00,32.9,32.9,32.66,32.74,1700,0
2015-12-28,20:00:00,32.8,33.23,32.79,33.09,6372,0
2015-12-28,21:00:00,33.1,33.27,33.01,33.2,2904,0
2015-12-28,22:00:00,33.27,33.28,33.08,33.15,5602,0
2015-12-29,16:00:00,33.26,33.87,33.26,33.87,3928,0
2015-12-29,17:00:00,33.86,33.93,33.38,33.68,13501,0
2015-12-29,18:00:00,33.64,33.71,33.34,33.34,3585,0
2015-12-29,19:00:00,33.3,33.46,33.3,33.32,1105,0
2015-12-29,20:00:00,33.3199,33.85,33.28,33.79,3850,0
2015-12-29,21:00:00,33.74,33.7425,33.539,33.69,3455,0
2015-12-29,22:00:00,33.66,33.87,33.65,33.77,17605,0
2015-12-30,16:00:00,33.91,34,33.83,33.915,10986,0
2015-12-30,17:00:00,33.86,33.99,33.64,33.95,7034,0
2015-12-30,18:00:00,34.03,34.23,34,34.12,6110,0
2015-12-30,19:00:00,34.08,34.14,33.97,34.03,6000,0
2015-12-30,20:00:00,33.97,33.97,33.7,33.82,3250,0
2015-12-30,21:00:00,33.7833,33.92,33.77,33.83,2748,0
2015-12-30,22:00:00,33.85,33.87,33.63,33.69,9858,0
2015-12-31,16:00:00,33.6,33.92,33.3285,33.51,4852,0
2015-12-31,17:00:00,33.516,33.6,33.25,33.6,7613,0
2015-12-31,18:00:00,33.62,33.81,33.57,33.78,4173,0
2015-12-31,19:00:00,33.92,34.0899,33.84,33.9,5825,0
2015-12-31,20:00:00,33.91,33.99,33.81,33.99,14836,0
2015-12-31,21:00:00,33.99,34.08,33.79,33.9,4977,0
2015-12-31,22:00:00,33.84,33.86,33.46,33.46,40667,0
2016-01-04,16:00:00,33.4,33.4,32.5,33.09,16400,0
2016-01-04,17:00:00,32.88,32.88,32.28,32.45,11027,0
2016-01-04,18:00:00,32.4,32.65,32.12,32.65,15869,0
2016-01-04,19:00:00,32.63,32.66,32.21,32.34,30819,0
2016-01-04,20:00:00,32.33,32.55,32.25,32.25,31186,0
2016-01-04,21:00:00,32.25,32.4,32.19,32.29,8689,0
2016-01-04,22:00:00,32.3,32.53,32.01,32.45,46103,0
2016-01-05,16:00:00,32.45,32.51,32.1,32.21,25807,0
2016-01-05,17:00:00,32.31,32.73,32.27,32.73,13500,0
2016-01-05,18:00:00,32.63,32.75,32.27,32.27,6975,0
2016-01-05,19:00:00,32.3,32.4,32.15,32.3774,5985,0
2016-01-05,20:00:00,32.42,32.79,32.42,32.78,19430,0
2016-01-05,21:00:00,32.8,32.81,32.5001,32.59,11915,0
2016-01-05,22:00:00,32.64,32.75,32.53,32.67,30700,0
2016-01-06,16:00:00,32.32,32.4,32.04,32.4,4622,0
2016-01-06,17:00:00,32.4,33.16,32.12,33.15,9654,0
2016-01-06,18:00:00,33.15,33.29,32.74,32.8,7100,0
2016-01-06,19:00:00,32.8,32.83,32.47,32.52,9169,0
2016-01-06,20:00:00,32.47,32.6,32.36,32.48,8230,0
2016-01-06,21:00:00,32.48,32.69,32.235,32.42,11384,0
2016-01-06,22:00:00,32.4427,32.89,32.32,32.65,47203,0
2016-01-07,16:00:00,32,32.34,31.83,32.34,6800,0
2016-01-07,17:00:00,32.18,32.215,31.45,32,14161,0
2016-01-07,18:00:00,31.98,31.99,31.51,31.7,15911,0
2016-01-07,19:00:00,31.73,31.74,31.02,31.68,35193,0
2016-01-07,20:00:00,31.6,31.66,31.21,31.5963,9775,0
2016-01-07,21:00:00,31.56,31.85,31.32,31.58,17756,0
2016-01-07,22:00:00,31.54,31.58,31.03,31.18,82360,0
2016-01-08,16:00:00,31.5,31.82,31.04,31.4,9855,0
2016-01-08,17:00:00,31.39,31.89,31.13,31.55,18524,0
2016-01-08,18:00:00,31.61,31.8,31.11,31.49,23532,0
2016-01-08,19:00:00,31.45,31.67,31.45,31.57,16500,0
2016-01-08,20:00:00,31.53,31.65,31.33,31.49,9301,0
2016-01-08,21:00:00,31.44,31.8,31.44,31.62,28525,0
2016-01-08,22:00:00,31.62,31.69,31.24,31.37,74241,0
2016-01-11,16:00:00,31.65,31.91,31.42,31.63,10855,0
2016-01-11,17:00:00,31.66,31.87,31.25,31.36,22178,0
2016-01-11,18:00:00,31.34,31.42,31.15,31.37,8771,0
2016-01-11,19:00:00,31.36,31.39,31.04,31.095,6162,0
2016-01-11,20:00:00,31.08,31.14,30.05,30.11,35280,0
2016-01-11,21:00:00,30.12,30.3799,30.05,30.09,17256,0
2016-01-11,22:00:00,30.1,30.6,30.1,30.27,37133,0
2016-01-12,16:00:00,30.83,30.83,30.285,30.55,10793,0
2016-01-12,17:00:00,30.55,30.56,30.27,30.49,14799,0
2016-01-12,18:00:00,30.3804,30.58,30.3,30.55,15116,0
2016-01-12,19:00:00,30.5,30.69,30.1,30.11,25110,0
2016-01-12,20:00:00,30.1001,30.272,30.01,30.06,5440,0
2016-01-12,21:00:00,30.09,30.18,29.95,30.15,8576,0
2016-01-12,22:00:00,30.1,30.36,29.92,30.24,26455,0
2016-01-13,16:00:00,30.35,30.35,30.0507,30.07,2965,0
2016-01-13,17:00:00,30.14,30.15,29.68,29.87,8753,0
2016-01-13,18:00:00,29.85,29.94,29.43,29.4856,10209,0
2016-01-13,19:00:00,29.4522,29.5,29.09,29.09,8567,0
2016-01-13,20:00:00,29.14,29.25,28.87,28.87,9793,0
2016-01-13,21:00:00,28.83,28.88,28.39,28.68,7826,0
2016-01-13,22:00:00,28.63,28.73,28.25,28.34,46990,0
2016-01-14,16:00:00,28.31,28.58,28.12,28.18,7585,0
2016-01-14,17:00:00,28.3,28.67,28.02,28.4376,79099,0
2016-01-14,18:00:00,28.38,28.38,27.97,28.27,12200,0
2016-01-14,19:00:00,28.37,28.4,27.95,28.21,9100,0
2016-01-14,20:00:00,28.05,28.52,28.05,28.51,15077,0
2016-01-14,21:00:00,28.61,28.816,28.41,28.77,11725,0
2016-01-14,22:00:00,28.75,28.83,28.26,28.27,68646,0
2016-01-15,16:00:00,27.6,29.62,27.6,29.245,46062,0
2016-01-15,17:00:00,29.22,29.39,27.65,27.67,38983,0
2016-01-15,18:00:00,27.52,27.82,26.76,26.96,46329,0
2016-01-15,19:00:00,26.92,27.09,26.64,26.96,25834,0
2016-01-15,20:00:00,26.93,27.07,26.83,27.07,26413,0
2016-01-15,21:00:00,27.06,27.565,26.9,27.565,19738,0
2016-01-15,22:00:00,27.575,27.66,26.74,27.51,114539,0
2016-01-19,16:00:00,28,29.28,26.98,27,18765,0
2016-01-19,17:00:00,27,27.26,26.91,26.91,10202,0
2016-01-19,18:00:00,26.97,27.03,26.7,26.71,13363,0
2016-01-19,19:00:00,26.75,26.81,26.45,26.56,10171,0
2016-01-19,20:00:00,26.55,26.75,26.41,26.44,14350,0
2016-01-19,21:00:00,26.5,26.54,26.3,26.43,6800,0
2016-01-19,22:00:00,26.43,26.64,26.33,26.41,61365,0
2016-01-20,16:00:00,25.79,26.37,25.11,25.87,31937,0
2016-01-20,17:00:00,25.98,25.99,25.46,25.505,27447,0
2016-01-20,18:00:00,25.495,25.99,25.44,25.4651,27519,0
2016-01-20,19:00:00,25.47,25.85,25.3401,25.73,16457,0
2016-01-20,20:00:00,25.72,26.29,25.665,26.19,15639,0
2016-01-20,21:00:00,26.2,26.33,25.93,25.97,21865,0
2016-01-20,22:00:00,25.89,26.51,25.89,26.14,93995,0
2016-01-21,16:00:00,26.22,26.33,25.95,26.29,7810,0
2016-01-21,17:00:00,26.42,26.7,26.16,26.4,10760,0
2016-01-21,18:00:00,26.39,26.75,26.19,26.65,13294,0
2016-01-21,19:00:00,26.66,26.7192,26.3,26.35,9484,0
2016-01-21,20:00:00,26.37,26.469,26.02,26.2,6100,0
2016-01-21,21:00:00,26.21,26.31,25.8501,26.25,5048,0
2016-01-21,22:00:00,26.18,26.18,25.85,25.91,26558,0
2016-01-22,16:00:00,26.2,26.85,26.17,26.76,13533,0
2016-01-22,17:00:00,26.96,27.25,26.85,26.88,24633,0
2016-01-22,18:00:00,27.01,27.12,26.85,26.89,7760,0
2016-01-22,19:00:00,26.89,27.1899,26.89,27.08,4000,0
2016-01-22,20:00:00,27.1,27.31,26.92,27.23,6900,0
2016-01-22,21:00:00,27.23,27.28,26.99,27.1,8794,0
2016-01-22,22:00:00,27.1,27.23,26.98,27.13,28498,0
2016-01-25,16:00:00,27.1,27.2199,26.82,26.9,6519,0
2016-01-25,17:00:00,26.99,27,26.72,26.75,5975,0
2016-01-25,18:00:00,26.65,26.81,26.63,26.724,3832,0
2016-01-25,19:00:00,26.67,26.97,26.64,26.91,22004,0
2016-01-25,20:00:00,26.8519,27.01,26.725,26.85,5748,0
2016-01-25,21:00:00,26.78,26.8,26.54,26.6,3400,0
2016-01-25,22:00:00,26.64,26.7,26.45,26.49,17015,0
2016-01-26,16:00:00,26.58,27.38,26.58,27.21,24708,0
2016-01-26,17:00:00,27.16,27.91,27.1536,27.88,26886,0
2016-01-26,18:00:00,27.95,28.16,27.88,28.04,26296,0
2016-01-26,19:00:00,28.04,28.2899,28.035,28.16,15050,0
2016-01-26,20:00:00,28.14,28.19,27.88,27.88,8557,0
2016-01-26,21:00:00,27.84,28.1133,27.81,28,9171,0
2016-01-26,22:00:00,28,28.02,27.7,28,26952,0
2016-01-27,16:00:00,27.79,27.92,27.6,27.92,4332,0
2016-01-27,17:00:00,27.88,27.91,27.38,27.43,11266,0
2016-01-27,18:00:00,27.56,28.13,27.5,27.85,6222,0
2016-01-27,19:00:00,27.8259,27.94,27.64,27.78,7997,0
2016-01-27,20:00:00,27.54,27.67,27.45,27.59,3740,0
2016-01-27,21:00:00,27.51,27.765,27.35,27.515,15411,0
2016-01-27,22:00:00,27.6,27.81,27.49,27.7,42839,0
2016-01-28,16:00:00,28,28.12,27,27.72,6471,0
2016-01-28,17:00:00,27.69,27.79,27.4,27.76,24019,0
2016-01-28,18:00:00,27.73,27.83,27.12,27.3,4912,0
2016-01-28,19:00:00,27.26,27.48,27.26,27.43,3400,0
2016-01-28,20:00:00,27.45,27.48,27.06,27.06,16932,0
2016-01-28,21:00:00,27.138,27.47,27.138,27.23,3770,0
2016-01-28,22:00:00,27.24,27.27,26.9,26.94,25039,0
2016-01-29,16:00:00,27.15,27.56,27.15,27.41,4901,0
2016-01-29,17:00:00,27.5,27.74,27.47,27.63,4200,0
2016-01-29,18:00:00,27.66,27.72,27.54,27.63,6900,0
2016-01-29,19:00:00,27.59,28.09,27.555,28.09,9706,0
2016-01-29,20:00:00,28.11,28.11,27.89,28,33200,0
2016-01-29,21:00:00,28.06,28.06,27.84,27.9,9600,0
2016-01-29,22:00:00,27.98,28.34,27.96,28.19,51642,0
2016-02-01,16:00:00,28,28.33,27.8,27.93,5959,0
2016-02-01,17:00:00,27.72,27.95,27.7,27.85,4680,0
2016-02-01,18:00:00,27.78,28.07,27.76,27.87,4658,0
2016-02-01,19:00:00,27.97,28.09,27.825,28.08,11275,0
2016-02-01,20:00:00,28.15,28.23,27.88,27.9999,3750,0
2016-02-01,21:00:00,28,28.35,27.96,28.35,6235,0
2016-02-01,22:00:00,28.36,28.46,28.1,28.14,24501,0
2016-02-02,16:00:00,27.89,27.89,27.53,27.7,12327,0
2016-02-02,17:00:00,27.79,27.842,27.35,27.35,9143,0
2016-02-02,18:00:00,27.19,27.54,27.19,27.47,3300,0
2016-02-02,19:00:00,27.43,27.5,27.27,27.3,10016,0
2016-02-02,20:00:00,27.25,27.365,27.15,27.365,7230,0
2016-02-02,21:00:00,27.3,27.48,27.24,27.32,47698,0
2016-02-02,22:00:00,27.26,27.42,27.09,27.25,54706,0
2016-02-03,16:00:00,27.14,27.63,26.41,26.9,17813,0
2016-02-03,17:00:00,26.9561,27.08,26.3,26.75,8127,0
2016-02-03,18:00:00,26.75,26.9,26.39,26.39,6943,0
2016-02-03,19:00:00,26.475,26.75,26.46,26.62,4794,0
2016-02-03,20:00:00,26.59,26.64,26.4,26.57,3718,0
2016-02-03,21:00:00,26.64,26.95,26.51,26.68,22649,0
2016-02-03,22:00:00,26.78,26.89,26.55,26.59,27552,0
2016-02-04,16:00:00,26.71,26.945,26.62,26.87,5533,0
2016-02-04,17:00:00,26.76,27,26.61,26.9,12236,0
2016-02-04,18:00:00,26.93,27.05,26.85,26.97,11239,0
2016-02-04,19:00:00,27.06,27.26,26.94,26.98,2000,0
2016-02-04,20:00:00,26.97,27,26.86,26.97,4700,0
2016-02-04,21:00:00,26.86,27.08,26.86,27.03,5000,0
2016-02-04,22:00:00,27.08,27.35,26.97,27.24,15944,0
2016-02-05,16:00:00,27.13,27.39,26.75,27.04,9203,0
2016-02-05,17:00:00,27.215,27.4699,26.91,27.24,20282,0
2016-02-05,18:00:00,27.31,27.4,27.1,27.3,5650,0
2016-02-05,19:00:00,27.29,27.44,27.102,27.17,5094,0
2016-02-05,20:00:00,27.04,27.26,26.97,27.09,17130,0
2016-02-05,21:00:00,26.98,27.02,26.7,26.81,11372,0
2016-02-05,22:00:00,26.78,26.94,26.66,26.69,34241,0
2016-02-08,16:00:00,26.53,26.71,26.02,26.57,17101,0
2016-02-08,17:00:00,26.63,26.79,26.4,26.425,22981,0
2016-02-08,18:00:00,26.435,26.7,26.389,26.635,15946,0
2016-02-08,19:00:00,26.635,26.69,26.26,26.26,7370,0
2016-02-08,20:00:00,26.21,26.3,25.87,25.88,9316,0
2016-02-08,21:00:00,25.91,26.06,25.74,25.8401,14941,0
2016-02-08,22:00:00,25.8601,26.5099,25.7901,26.33,27682,0
2016-02-09,16:00:00,25.99,26.26,25.86,26.2001,6430,0
2016-02-09,17:00:00,26.16,26.258,25.916,25.916,2900,0
2016-02-09,18:00:00,25.965,26.13,25.75,25.8,4600,0
2016-02-09,19:00:00,25.795,26.12,25.79,26.04,9365,0
2016-02-09,20:00:00,25.95,26.07,25.84,26.07,7900,0
2016-02-09,21:00:00,26.04,26.2,25.96,26.1,12177,0
2016-02-09,22:00:00,26.09,26.43,26.07,26.2,26434,0
2016-02-10,16:00:00,24.89,27.01,24.6,27.01,11476,0
2016-02-10,17:00:00,27.08,27.33,26.21,26.46,18156,0
2016-02-10,18:00:00,26.37,26.37,25.73,25.81,9045,0
2016-02-10,19:00:00,25.75,25.8,25.39,25.39,24016,0
2016-02-10,20:00:00,25.4418,25.512,24.95,24.985,56026,0
2016-02-10,21:00:00,24.98,25.52,24.744,25.4,35888,0
2016-02-10,22:00:00,25.41,25.55,25.26,25.44,72990,0
2016-02-11,16:00:00,24.84,25,24.72,24.97,6933,0
2016-02-11,17:00:00,24.91,25,24.62,24.85,10250,0
2016-02-11,18:00:00,24.89,24.97,24.27,24.345,22126,0
2016-02-11,19:00:00,24.35,24.92,24.28,24.78,14196,0
2016-02-11,20:00:00,24.775,24.78,24.455,24.53,9753,0
2016-02-11,21:00:00,24.59,25.12,24.5,25,16981,0
2016-02-11,22:00:00,24.99,25.18,24.7059,24.87,43915,0
2016-02-12,16:00:00,25.17,25.9,25,25.09,10624,0
2016-02-12,17:00:00,25.11,25.36,25.08,25.23,16137,0
2016-02-12,18:00:00,25.23,25.46,25.15,25.25,17993,0
2016-02-12,19:00:00,25.26,25.34,25.1,25.11,14455,0
2016-02-12,20:00:00,25.12,25.22,24.955,24.99,9510,0
2016-02-12,21:00:00,24.93,25.3735,24.76,25.23,24241,0
2016-02-12,22:00:00,25.21,25.52,25.21,25.36,33607,0
2016-02-16,16:00:00,25.4,26.038,25.39,25.6,14281,0
2016-02-16,17:00:00,25.509,25.845,25.36,25.46,10181,0
2016-02-16,18:00:00,25.49,25.55,25.21,25.52,16772,0
2016-02-16,19:00:00,25.56,25.8,25.47,25.75,7669,0
2016-02-16,20:00:00,25.76,26,25.62,25.86,6138,0
2016-02-16,21:00:00,25.86,25.9,25.73,25.8,9810,0
2016-02-16,22:00:00,25.79,25.93,25.73,25.77,33555,0
2016-02-17,16:00:00,25.91,26.36,25.91,26.35,1911,0
2016-02-17,17:00:00,26.4,26.43,26.04,26.06,2600,0
2016-02-17,18:00:00,26.15,26.22,25.52,25.85,37488,0
2016-02-17,19:00:00,25.86,26.04,25.75,25.88,20322,0
2016-02-17,20:00:00,25.925,26.0189,25.552,25.7368,10171,0
2016-02-17,21:00:00,25.79,25.93,25.62,25.83,17371,0
2016-02-17,22:00:00,25.7656,26.17,25.681,25.88,55610,0
2016-02-18,16:00:00,25.81,25.94,24.97,25.83,6949,0
2016-02-18,17:00:00,25.725,26.1,25.7,26.09,14260,0
2016-02-18,18:00:00,25.92,26.05,25.72,26.05,8536,0
2016-02-18,19:00:00,26.09,26.24,25.996,26.2,7062,0
2016-02-18,20:00:00,26.22,26.22,25.89,26.06,6900,0
2016-02-18,21:00:00,26.02,26.02,25.85,25.93,7900,0
2016-02-18,22:00:00,25.9201,25.99,25.74,25.88,23525,0
2016-02-19,16:00:00,25.73,26.15,25.73,26.15,8796,0
2016-02-19,17:00:00,26.08,26.08,25.85,26,7369,0
2016-02-19,18:00:00,25.95,26.1,25.85,26,3000,0
2016-02-19,19:00:00,25.91,26.11,25.91,26.11,3585,0
2016-02-19,20:00:00,26.07,26.07,25.96,25.99,7980,0
2016-02-19,21:00:00,26.01,26.09,25.88,25.96,12615,0
2016-02-19,22:00:00,25.975,26.18,25.975,26.11,17341,0
2016-02-22,16:00:00,26.25,26.84,26.25,26.47,5047,0
2016-02-22,17:00:00,26.42,26.5,25.99,26,11910,0
2016-02-22,18:00:00,25.97,26.2929,25.97,26.2929,10328,0
2016-02-22,19:00:00,26.31,26.4,26.08,26.2,7672,0
2016-02-22,20:00:00,26.19,26.49,26.19,26.49,9644,0
2016-02-22,21:00:00,26.49,26.5,26.31,26.36,12989,0
2016-02-22,22:00:00,26.3,26.46,26.245,26.37,24734,0
2016-02-23,16:00:00,26.2,26.42,26.17,26.17,5161,0
2016-02-23,17:00:00,26.11,26.43,26.05,26.43,8244,0
2016-02-23,18:00:00,26.37,26.63,26.3,26.54,6821,0
2016-02-23,19:00:00,26.56,26.58,26.45,26.51,4996,0
2016-02-23,20:00:00,26.47,26.5,26.28,26.32,5033,0
2016-02-23,21:00:00,26.355,26.51,26.33,26.41,7021,0
2016-02-23,22:00:00,26.44,26.56,26.38,26.38,44059,0
2016-02-24,16:00:00,25.97,25.98,25.39,25.58,8744,0
2016-02-24,17:00:00,25.55,25.73,25.43,25.6,9100,0
2016-02-24,18:00:00,25.58,25.7,25.47,25.68,8208,0
2016-02-24,19:00:00,25.77,25.9,25.72,25.83,7307,0
2016-02-24,20:00:00,25.91,25.954,25.84,25.87,5972,0
2016-02-24,21:00:00,25.9153,26.26,25.87,26.1,10418,0
2016-02-24,22:00:00,26.035,26.26,26.01,26.13,18664,0
2016-02-25,16:00:00,26.13,26.25,25.84,25.849,2205,0
2016-02-25,17:00:00,25.91,26.01,25.73,25.82,6208,0
2016-02-25,18:00:00,25.68,26.08,25.68,26.04,6178,0
2016-02-25,19:00:00,25.93,25.97,25.83,25.95,12696,0
2016-02-25,20:00:00,25.94,26.22,25.8,26.22,10435,0
2016-02-25,21:00:00,26.19,26.25,26.15,26.18,18786,0
2016-02-25,22:00:00,26.228,26.57,26.12,26.51,23729,0
2016-02-26,16:00:00,26.65,26.724,26.4,26.54,4974,0
2016-02-26,17:00:00,26.505,27.15,26.505,27.1,11491,0
2016-02-26,18:00:00,27.07,27.17,26.93,26.94,14550,0
2016-02-26,19:00:00,26.94,27.08,26.85,26.97,18203,0
2016-02-26,20:00:00,26.96,27.06,26.9068,27,7651,0
2016-02-26,21:00:00,26.98,27.02,26.48,26.6424,7808,0
2016-02-26,22:00:00,26.755,27.07,26.73,27.02,44804,0
2016-02-29,16:00:00,27.09,27.14,26.8,26.87,9237,0
2016-02-29,17:00:00,26.75,26.86,26.38,26.42,9900,0
2016-02-29,18:00:00,26.53,26.5999,26.39,26.43,14834,0
2016-02-29,19:00:00,26.43,26.44,26.16,26.2543,14593,0
2016-02-29,20:00:00,26.265,26.42,25.96,26.02,22018,0
2016-02-29,21:00:00,26.03,26.06,25.79,25.89,17050,0
2016-02-29,22:00:00,25.885,25.95,25.5,25.53,67022,0
2016-03-01,16:00:00,25.71,25.9,25.58,25.65,4188,0
2016-03-01,17:00:00,25.71,26.43,25.71,26.35,8793,0
2016-03-01,18:00:00,26.35,26.56,26.35,26.46,6040,0
2016-03-01,19:00:00,26.42,26.61,26.3,26.61,5642,0
2016-03-01,20:00:00,26.61,26.88,26.61,26.65,6800,0
2016-03-01,21:00:00,26.66,26.8,26.66,26.7,6751,0
2016-03-01,22:00:00,26.67,26.75,26.53,26.7,14981,0
2016-03-02,16:00:00,26.62,26.75,26.5,26.75,1620,0
2016-03-02,17:00:00,26.69,26.945,26.4901,26.68,7200,0
2016-03-02,18:00:00,26.73,26.73,26.3,26.52,11051,0
2016-03-02,19:00:00,26.59,26.65,26.51,26.61,2100,0
2016-03-02,20:00:00,26.65,26.69,26.35,26.35,4300,0
2016-03-02,21:00:00,26.38,26.55,26.36,26.36,5408,0
2016-03-02,22:00:00,26.3985,26.5,26.32,26.43,27967,0
2016-03-03,16:00:00,26.37,26.69,26.36,26.69,1838,0
2016-03-03,17:00:00,26.63,27.09,26.51,27.05,12658,0
2016-03-03,18:00:00,27.01,27.01,26.49,26.5,7900,0
2016-03-03,19:00:00,26.61,26.61,26.45,26.46,3840,0
2016-03-03,20:00:00,26.54,26.76,26.5,26.59,6700,0
2016-03-03,21:00:00,26.5776,26.69,26.55,26.57,4297,0
2016-03-03,22:00:00,26.58,26.66,26.51,26.59,20886,0
2016-03-04,16:00:00,26.47,26.87,26.47,26.78,11889,0
2016-03-04,17:00:00,26.81,27.3999,26.69,27.3999,40098,0
2016-03-04,18:00:00,27.4,27.47,27.245,27.32,7700,0
2016-03-04,19:00:00,27.29,27.44,27.15,27.33,5719,0
2016-03-04,20:00:00,27.29,27.39,27.18,27.35,7000,0
2016-03-04,21:00:00,27.32,27.32,27.01,27.13,10600,0
2016-03-04,22:00:00,27.1,27.43,26.91,27.41,36464,0
2016-03-07,16:00:00,27.41,27.41,27.22,27.239,2900,0
2016-03-07,17:00:00,27.23,27.39,27.105,27.28,5155,0
2016-03-07,18:00:00,27.2575,27.34,27.1101,27.26,6000,0
2016-03-07,19:00:00,27.19,27.48,27.14,27.43,8190,0
2016-03-07,20:00:00,27.41,27.41,27.29,27.4,4797,0
2016-03-07,21:00:00,27.36,27.46,27.29,27.46,6200,0
2016-03-07,22:00:00,27.47,27.7,27.44,27.68,25583,0
2016-03-08,16:00:00,27.42,27.66,27.19,27.29,11049,0
2016-03-08,17:00:00,27.205,27.29,26.605,26.71,29921,0
2016-03-08,18:00:00,26.75,26.795,26.51,26.52,7940,0
2016-03-08,19:00:00,26.51,26.57,26.41,26.5,7720,0
2016-03-08,20:00:00,26.526,26.74,26.526,26.67,2725,0
2016-03-08,21:00:00,26.65,26.69,26.42,26.45,8409,0
2016-03-08,22:00:00,26.47,26.55,26.38,26.42,44768,0
2016-03-09,16:00:00,26.44,26.66,26.34,26.3601,3762,0
2016-03-09,17:00:00,26.37,26.6,26.15,26.3601,67145,0
2016-03-09,18:00:00,26.36,27.08,26.22,26.97,135073,0
2016-03-09,19:00:00,26.91,27.43,26.91,27.3,5250,0
2016-03-09,20:00:00,27.23,27.46,27.23,27.46,9000,0
2016-03-09,21:00:00,27.42,27.465,27.27,27.4,3200,0
2016-03-09,22:00:00,27.33,27.37,27.1,27.21,47263,0
2016-03-10,16:00:00,27.49,27.49,26.33,27.31,1833,0
2016-03-10,17:00:00,27.28,27.29,26.9,26.94,4090,0
2016-03-10,18:00:00,26.86,26.89,26.69,26.78,5435,0
2016-03-10,19:00:00,26.81,26.81,26.48,26.59,4471,0
2016-03-10,20:00:00,26.5996,26.7209,26.48,26.7209,6229,0
2016-03-10,21:00:00,26.68,27.07,26.48,27,4044,0
2016-03-10,22:00:00,27.05,27.05,26.7,26.72,13467,0
2016-03-11,16:00:00,27.12,27.13,26.94,27.075,1865,0
2016-03-11,17:00:00,27.0201,27.1085,26.6,26.91,10467,0
2016-03-11,18:00:00,26.925,27.1196,26.6801,26.79,14065,0
2016-03-11,19:00:00,26.78,26.905,26.67,26.764,6273,0
2016-03-11,20:00:00,26.8275,26.93,26.68,26.87,6539,0
2016-03-11,21:00:00,26.89,26.89,26.7,26.84,4563,0
2016-03-11,22:00:00,26.86,27.03,26.79,26.94,31670,0
2016-03-14,15:00:00,26.76,26.88,26.6,26.6,9549,0
2016-03-14,16:00:00,26.68,26.795,26.67,26.67,3000,0
2016-03-14,17:00:00,26.69,26.79,26.61,26.68,20211,0
2016-03-14,18:00:00,26.67,26.7,26.6305,26.66,2157,0
2016-03-14,19:00:00,26.66,26.69,26.6,26.63,2090,0
2016-03-14,20:00:00,26.632,26.67,26.55,26.61,4700,0
2016-03-14,21:00:00,26.57,26.62,26.48,26.5,15561,0
2016-03-15,15:00:00,26.41,26.65,26.3,26.63,17469,0
2016-03-15,16:00:00,26.6499,26.655,26.25,26.25,3086,0
2016-03-15,17:00:00,26.2501,26.3108,26.21,26.24,3913,0
2016-03-15,18:00:00,26.3,26.35,26.28,26.33,5837,0
2016-03-15,19:00:00,26.38,26.51,26.3142,26.51,2400,0
2016-03-15,20:00:00,26.48,26.49,26.2999,26.2999,8927,0
2016-03-15,21:00:00,26.3,26.36,26.25,26.3,9398,0
2016-03-16,15:00:00,26.26,26.49,26.15,26.41,24100,0
2016-03-16,16:00:00,26.4201,26.63,26.375,26.63,5014,0
2016-03-16,17:00:00,26.63,26.75,26.47,26.47,1815,0
2016-03-16,18:00:00,26.53,26.54,26.39,26.39,3659,0
2016-03-16,19:00:00,26.45,26.47,26.38,26.41,2400,0
2016-03-16,20:00:00,26.4,26.51,26.16,26.48,13560,0
2016-03-16,21:00:00,26.48,26.58,26.44,26.47,14941,0
2016-03-17,15:00:00,26.32,26.5,26.21,26.46,10896,0
2016-03-17,16:00:00,26.47,26.84,26.41,26.74,7922,0
2016-03-17,17:00:00,26.81,26.9899,26.7707,26.9689,3742,0
2016-03-17,18:00:00,26.94,27.08,26.83,27.08,3100,0
2016-03-17,19:00:00,27.14,27.28,26.89,27.28,4305,0
2016-03-17,20:00:00,27.25,27.37,27.14,27.24,3800,0
2016-03-17,21:00:00,27.21,27.4699,27.2,27.38,21105,0
2016-03-18,15:00:00,27.52,27.8,27.26,27.7401,36422,0
2016-03-18,16:00:00,27.58,27.78,27.58,27.78,2457,0
2016-03-18,17:00:00,27.743,27.76,27.5,27.5,3001,0
2016-03-18,18:00:00,27.55,27.73,27.55,27.67,5043,0
2016-03-18,19:00:00,27.66,27.76,27.65,27.75,3300,0
2016-03-18,20:00:00,27.75,27.92,27.71,27.92,10762,0
2016-03-18,21:00:00,27.85,27.92,27.59,27.7,62312,0
2016-03-21,15:00:00,27.9,27.99,27.7,27.86,16705,0
2016-03-21,16:00:00,27.8696,27.8696,27.17,27.29,4105,0
2016-03-21,17:00:00,27.27,27.37,27.2,27.27,11682,0
2016-03-21,18:00:00,27.31,27.35,27.21,27.24,2800,0
2016-03-21,19:00:00,27.2399,27.48,27.2399,27.27,4320,0
2016-03-21,20:00:00,27.2964,27.53,27.28,27.35,6070,0
2016-03-21,21:00:00,27.34,27.34,27.17,27.21,24280,0
2016-03-22,15:00:00,27.05,27.05,26.51,26.84,6320,0
2016-03-22,16:00:00,26.92,27.17,26.525,26.74,53265,0
2016-03-22,17:00:00,26.715,26.77,26.61,26.66,3000,0
2016-03-22,18:00:00,26.68,27.045,26.615,27.045,16012,0
2016-03-22,19:00:00,27,27.01,26.86,26.89,3685,0
2016-03-22,20:00:00,26.9,26.96,26.73,26.73,4423,0
2016-03-22,21:00:00,26.69,26.71,26.45,26.55,33347,0
2016-03-23,15:00:00,26.54,26.54,26.12,26.36,5107,0
2016-03-23,16:00:00,26.34,26.39,26.09,26.34,15341,0
2016-03-23,17:00:00,26.32,26.36,26.22,26.23,5852,0
2016-03-23,18:00:00,26.23,26.25,26.14,26.14,6300,0
2016-03-23,19:00:00,26.19,26.22,26.14,26.14,3500,0
2016-03-23,20:00:00,26.175,26.2,26.06,26.13,13450,0
2016-03-23,21:00:00,26.15,26.24,26.03,26.03,34401,0
2016-03-24,15:00:00,25.87,26.02,25.6,25.97,25691,0
2016-03-24,16:00:00,25.91,26.745,25.8,26.745,18894,0
2016-03-24,17:00:00,26.81,26.83,26.55,26.59,3200,0
2016-03-24,18:00:00,26.68,26.73,26.48,26.545,6300,0
2016-03-24,19:00:00,26.5,26.67,26.5,26.65,1800,0
2016-03-24,20:00:00,26.57,26.66,26.54,26.55,3100,0
2016-03-24,21:00:00,26.56,26.58,26.45,26.52,15166,0
2016-03-28,16:00:00,26.69,26.69,26.4715,26.55,3693,0
2016-03-28,17:00:00,26.58,26.8396,26.48,26.48,15184,0
2016-03-28,18:00:00,26.48,26.66,26.48,26.64,10771,0
2016-03-28,19:00:00,26.64,27.12,26.6,27.12,14071,0
2016-03-28,20:00:00,27.14,27.155,26.97,27.155,2100,0
2016-03-28,21:00:00,27.12,27.14,26.86,26.865,2491,0
2016-03-28,22:00:00,26.89,26.995,26.73,26.79,12924,0
2016-03-29,16:00:00,26.64,26.76,26.38,26.52,9840,0
2016-03-29,17:00:00,26.58,26.62,26.48,26.59,6168,0
2016-03-29,18:00:00,26.55,26.8,26.54,26.73,8400,0
2016-03-29,19:00:00,26.66,26.865,26.6301,26.75,8161,0
2016-03-29,20:00:00,26.779,26.8264,26.66,26.7,2090,0
2016-03-29,21:00:00,26.7,27.36,26.7,27.25,7416,0
2016-03-29,22:00:00,27.24,27.31,26.98,27.21,21813,0
2016-03-30,16:00:00,27.28,27.5,27.24,27.35,17952,0
2016-03-30,17:00:00,27.32,27.32,26.83,26.83,5711,0
2016-03-30,18:00:00,26.89,27.12,26.7,27.06,14530,0
2016-03-30,19:00:00,27.11,27.27,27.04,27.16,3600,0
2016-03-30,20:00:00,27.175,27.32,27.02,27.285,4132,0
2016-03-30,21:00:00,27.33,27.34,27.22,27.34,4716,0
2016-03-30,22:00:00,27.27,27.41,27.26,27.3,13896,0
2016-03-31,16:00:00,27.31,27.61,27.187,27.5444,11660,0
2016-03-31,17:00:00,27.38,27.39,27.1,27.11,4800,0
2016-03-31,18:00:00,26.99,27.18,26.865,27.18,5020,0
2016-03-31,19:00:00,27.18,27.18,26.9203,26.925,3264,0
2016-03-31,20:00:00,26.86,27,26.8,26.86,4129,0
2016-03-31,21:00:00,26.805,26.84,26.71,26.72,3825,0
2016-03-31,22:00:00,26.75,26.88,26.66,26.73,21413,0
2016-04-01,16:00:00,26.41,26.5,26.17,26.5,2441,0
2016-04-01,17:00:00,26.48,26.81,26.47,26.66,19744,0
2016-04-01,18:00:00,26.6599,26.859,26.58,26.76,4419,0
2016-04-01,19:00:00,26.78,26.83,26.5,26.5,2700,0
2016-04-01,20:00:00,26.5274,26.68,26.48,26.63,16098,0
2016-04-01,21:00:00,26.58,26.73,26.5101,26.675,6630,0
2016-04-01,22:00:00,26.6501,26.85,26.62,26.79,16923,0
2016-04-04,16:00:00,26.76,26.97,26.5,26.95,9783,0
2016-04-04,17:00:00,26.9,27.27,26.9,26.95,28872,0
2016-04-04,18:00:00,26.945,27.09,26.92,27.04,12978,0
2016-04-04,19:00:00,27,27.01,26.94,27.01,10526,0
2016-04-04,20:00:00,26.94,27.06,26.94,27,8097,0
2016-04-04,21:00:00,27.0034,27.04,26.98,26.98,8407,0
2016-04-04,22:00:00,26.96,26.98,26.59,26.81,33807,0
2016-04-05,16:00:00,26.47,26.72,26.35,26.4901,17030,0
2016-04-05,17:00:00,26.64,26.64,26.48,26.54,4050,0
2016-04-05,18:00:00,26.55,26.55,26.45,26.46,12503,0
2016-04-05,19:00:00,26.45,26.53,26.45,26.46,7474,0
2016-04-05,20:00:00,26.46,26.57,26.45,26.52,3953,0
2016-04-05,21:00:00,26.56,26.56,26.47,26.52,4120,0
2016-04-05,22:00:00,26.49,26.58,26.44,26.46,28094,0
2016-04-06,16:00:00,26.54,26.75,26.37,26.41,12435,0
2016-04-06,17:00:00,26.38,26.488,26.19,26.37,12075,0
2016-04-06,18:00:00,26.37,26.42,26.05,26.131,26860,0
2016-04-06,19:00:00,26.15,26.17,25.89,25.89,19858,0
2016-04-06,20:00:00,25.88,25.93,25.7,25.7,12660,0
2016-04-06,21:00:00,25.75,25.795,25.57,25.66,14956,0
2016-04-06,22:00:00,25.64,25.915,25.64,25.78,31470,0
2016-04-07,16:00:00,25.6,25.6,25.07,25.26,11621,0
2016-04-07,17:00:00,25.3099,25.31,25.054,25.17,13522,0
2016-04-07,18:00:00,25.19,25.21,25.05,25.1,9326,0
2016-04-07,19:00:00,25.14,25.14,25.03,25.14,7910,0
2016-04-07,20:00:00,25.16,25.18,25.03,25.09,6518,0
2016-04-07,21:00:00,25.04,25.22,25,25.11,14872,0
2016-04-07,22:00:00,25.06,25.28,25.06,25.17,49524,0
2016-04-08,16:00:00,25.4,25.4,24.91,25.25,4626,0
2016-04-08,17:00:00,25.27,25.43,25.18,25.27,10000,0
2016-04-08,18:00:00,25.26,25.29,24.96,25.11,10100,0
2016-04-08,19:00:00,25.13,25.27,25.11,25.26,8000,0
2016-04-08,20:00:00,25.25,25.41,25.18,25.41,7800,0
2016-04-08,21:00:00,25.37,25.53,25.37,25.38,8900,0
2016-04-08,22:00:00,25.35,25.45,25.27,25.44,21046,0
2016-04-11,16:00:00,25.49,26,25.49,26,2982,0
2016-04-11,17:00:00,26.01,26.26,25.94,26.02,25761,0
2016-04-11,18:00:00,26.02,26.08,25.5,25.55,13354,0
2016-04-11,19:00:00,25.64,25.85,25.64,25.85,4540,0
2016-04-11,20:00:00,25.81,25.95,25.8,25.84,4600,0
2016-04-11,21:00:00,25.835,25.94,25.76,25.8799,10953,0
2016-04-11,22:00:00,25.85,25.89,25.7,25.71,23389,0
2016-04-12,16:00:00,25.7,25.85,25.59,25.74,9339,0
2016-04-12,17:00:00,25.76,26.11,25.57,26.11,18387,0
2016-04-12,18:00:00,26.18,26.565,26.12,26.565,31065,0
2016-04-12,19:00:00,26.489,26.54,26.36,26.43,4800,0
2016-04-12,20:00:00,26.39,26.41,26.215,26.35,6300,0
2016-04-12,21:00:00,26.37,26.49,26.34,26.42,7400,0
2016-04-12,22:00:00,26.44,26.53,26.35,26.4,24364,0
2016-04-13,16:00:00,26.55,27,26.47,26.74,6807,0
2016-04-13,17:00:00,26.78,26.8,26.61,26.77,5500,0
2016-04-13,18:00:00,26.71,26.99,26.71,26.95,8259,0
2016-04-13,19:00:00,26.89,26.89,26.67,26.67,3200,0
2016-04-13,20:00:00,26.71,26.733,26.58,26.733,6439,0
2016-04-13,21:00:00,26.69,26.76,26.58,26.61,12819,0
2016-04-13,22:00:00,26.59,26.74,26.58,26.73,23681,0
2016-04-14,16:00:00,26.72,26.839,26.5401,26.839,6408,0
2016-04-14,17:00:00,26.75,26.86,26.7,26.83,1954,0
2016-04-14,18:00:00,26.91,27.19,26.91,27.16,2666,0
2016-04-14,19:00:00,27.15,27.15,26.865,26.99,2350,0
2016-04-14,20:00:00,27,27.02,26.95,26.955,1544,0
2016-04-14,21:00:00,27,27.1,26.95,26.98,6053,0
2016-04-14,22:00:00,27,27.07,26.94,27.03,9723,0
2016-04-15,16:00:00,26.93,26.93,26.89,26.89,2119,0
2016-04-15,17:00:00,27.06,27.07,27,27,800,0
2016-04-15,18:00:00,26.91,27,26.82,26.89,5600,0
2016-04-15,19:00:00,26.88,26.97,26.79,26.79,1000,0
2016-04-15,20:00:00,26.79,26.79,26.72,26.73,2000,0
2016-04-15,21:00:00,26.74,26.78,26.74,26.7429,900,0
2016-04-15,22:00:00,26.8397,26.85,26.71,26.71,9712,0
2016-04-18,16:00:00,26.53,26.94,25.98,26.94,17465,0
2016-04-18,17:00:00,26.95,27.26,26.95,27.19,6779,0
2016-04-18,18:00:00,27.16,27.16,26.942,27.06,7466,0
2016-04-18,19:00:00,27.03,27.07,26.9401,27.01,2548,0
2016-04-18,20:00:00,27.07,27.08,26.93,27.08,4150,0
2016-04-18,21:00:00,27.08,27.1,26.98,27.02,6300,0
2016-04-18,22:00:00,27.02,27.08,26.93,27.07,12405,0
2016-04-19,16:00:00,27.07,27.25,26.8,27.11,16900,0
2016-04-19,17:00:00,27.11,27.59,27.11,27.345,31791,0
2016-04-19,18:00:00,27.38,27.44,27.08,27.08,4350,0
2016-04-19,19:00:00,27.06,27.13,26.98,27.085,3900,0
2016-04-19,20:00:00,27.09,27.26,27.09,27.22,1900,0
2016-04-19,21:00:00,27.2423,27.37,27.205,27.32,4800,0
2016-04-19,22:00:00,27.3,27.385,27.228,27.34,14217,0
2016-04-20,16:00:00,27.27,27.5,27.27,27.45,3452,0
2016-04-20,17:00:00,27.315,27.55,27.29,27.43,6261,0
2016-04-20,18:00:00,27.46,27.65,27.46,27.61,35470,0
2016-04-20,19:00:00,27.6,28.06,27.56,27.8,20400,0
2016-04-20,20:00:00,27.8,28.03,27.74,28.0299,5571,0
2016-04-20,21:00:00,28.07,28.215,27.991,28.17,5559,0
2016-04-20,22:00:00,28.2,28.24,27.98,28,29945,0
2016-04-21,16:00:00,28.06,28.5,28.06,28.22,9460,0
2016-04-21,17:00:00,28.13,28.13,27.77,27.96,6603,0
2016-04-21,18:00:00,27.99,28.21,27.99,28.09,5648,0
2016-04-21,19:00:00,28.09,28.1,27.99,28.03,3600,0
2016-04-21,20:00:00,27.95,28.02,27.81,28.01,4364,0
2016-04-21,21:00:00,27.96,27.97,27.8,27.97,4993,0
2016-04-21,22:00:00,27.97,28.12,27.92,27.96,14804,0
2016-04-22,16:00:00,27.93,28.52,27.93,28.42,10057,0
2016-04-22,17:00:00,28.4342,28.45,28.25,28.25,4770,0
2016-04-22,18:00:00,28.23,28.78,28.23,28.62,4400,0
2016-04-22,19:00:00,28.63,28.76,28.63,28.715,4645,0
2016-04-22,20:00:00,28.75,28.79,28.6,28.78,4100,0
2016-04-22,21:00:00,28.78,28.87,28.64,28.79,5709,0
2016-04-22,22:00:00,28.73,28.76,28.45,28.64,27678,0
2016-04-25,16:00:00,28.62,28.72,28.47,28.47,4247,0
2016-04-25,17:00:00,28.504,28.504,28.03,28.165,10801,0
2016-04-25,18:00:00,28.165,28.165,27.8735,27.935,7454,0
2016-04-25,19:00:00,27.95,27.99,27.82,27.89,4300,0
2016-04-25,20:00:00,27.91,27.91,27.63,27.635,8479,0
2016-04-25,21:00:00,27.57,27.8,27.55,27.8,5502,0
2016-04-25,22:00:00,27.77,27.89,27.64,27.85,19998,0
2016-04-26,16:00:00,27.85,28.21,27.85,28.21,6886,0
2016-04-26,17:00:00,28.12,28.12,27.74,27.82,3300,0
2016-04-26,18:00:00,27.8215,28.18,27.8,28.1,5800,0
2016-04-26,19:00:00,28.17,28.23,28.09,28.09,5300,0
2016-04-26,20:00:00,28.0601,28.22,28.0601,28.08,2100,0
2016-04-26,21:00:00,28.155,28.17,28.04,28.13,5115,0
2016-04-26,22:00:00,28.17,28.17,27.95,27.951,14626,0
2016-04-27,16:00:00,27.78,27.99,27.75,27.83,7422,0
2016-04-27,17:00:00,27.88,27.93,27.52,27.59,4199,0
2016-04-27,18:00:00,27.584,27.86,27.58,27.68,20171,0
2016-04-27,19:00:00,27.63,27.63,27.52,27.61,3506,0
2016-04-27,20:00:00,27.59,27.72,27.56,27.56,3149,0
2016-04-27,21:00:00,27.62,27.7599,27.35,27.55,12629,0
2016-04-27,22:00:00,27.565,27.69,27.565,27.66,16164,0
2016-04-28,16:00:00,27.47,27.74,27.16,27.608,19056,0
2016-04-28,17:00:00,27.8,27.8,27.61,27.79,6861,0
2016-04-28,18:00:00,27.71,28.2099,27.71,27.98,26375,0
2016-04-28,19:00:00,27.98,27.985,27.67,27.73,5400,0
2016-04-28,20:00:00,27.65,27.69,27.535,27.685,9049,0
2016-04-28,21:00:00,27.66,27.7299,27.61,27.67,46373,0
2016-04-28,22:00:00,27.67,27.67,27.38,27.48,27203,0
2016-04-29,16:00:00,27.36,27.7,27.22,27.5482,10834,0
2016-04-29,17:00:00,27.4732,27.71,27.42,27.562,6100,0
2016-04-29,18:00:00,27.51,27.6,27.27,27.4081,4753,0
2016-04-29,19:00:00,27.37,27.45,27.23,27.28,23606,0
2016-04-29,20:00:00,27.3,27.57,27.3,27.49,2989,0
2016-04-29,21:00:00,27.48,27.48,27.21,27.21,6227,0
2016-04-29,22:00:00,27.26,27.31,27.17,27.3,25967,0
2016-05-02,16:00:00,27.26,27.34,27.08,27.14,12955,0
2016-05-02,17:00:00,27.09,27.34,27.09,27.29,5217,0
2016-05-02,18:00:00,27.34,27.53,27.24,27.27,5615,0
2016-05-02,19:00:00,27.26,27.26,27.07,27.07,4332,0
2016-05-02,20:00:00,27.09,27.345,27.07,27.13,6233,0
2016-05-02,21:00:00,27.11,27.25,26.99,27.09,18999,0
2016-05-02,22:00:00,27.14,27.14,26.88,26.95,28964,0
2016-05-03,16:00:00,26.65,26.65,26.27,26.46,8060,0
2016-05-03,17:00:00,26.32,26.51,26.32,26.37,6356,0
2016-05-03,18:00:00,26.4,26.59,26.4,26.59,7700,0
2016-05-03,19:00:00,26.6,26.87,26.51,26.87,3949,0
2016-05-03,20:00:00,26.895,27.05,26.85,26.9,3300,0
2016-05-03,21:00:00,26.85,26.91,26.75,26.88,3800,0
2016-05-03,22:00:00,26.86,27.03,26.79,26.95,19633,0
2016-05-04,16:00:00,26.65,26.94,26.48,26.72,14997,0
2016-05-04,17:00:00,26.71,26.8,26.245,26.56,12499,0
2016-05-04,18:00:00,26.5,26.73,26.31,26.61,21006,0
2016-05-04,19:00:00,26.63,26.67,26.51,26.6,9167,0
2016-05-04,20:00:00,26.6,26.95,26.59,26.88,14900,0
2016-05-04,21:00:00,26.84,27.06,26.7701,26.9,9010,0
2016-05-04,22:00:00,26.9,27.02,26.83,26.86,33863,0
2016-05-05,16:00:00,27.27,27.4,26.4008,27.34,16801,0
2016-05-05,17:00:00,27.28,27.34,26.74,26.81,9350,0
2016-05-05,18:00:00,26.77,26.87,26.505,26.57,8745,0
2016-05-05,19:00:00,26.63,26.8,26.61,26.8,4400,0
2016-05-05,20:00:00,26.78,26.79,26.57,26.62,4400,0
2016-05-05,21:00:00,26.66,26.84,26.64,26.79,5374,0
2016-05-05,22:00:00,26.7,26.78,26.3,26.46,31405,0
2016-05-06,16:00:00,26.37,26.77,26.27,26.31,9013,0
2016-05-06,17:00:00,26.3,26.7,26.26,26.33,8200,0
2016-05-06,18:00:00,26.44,26.64,26.3,26.3,6752,0
2016-05-06,19:00:00,26.33,26.58,26.33,26.47,8400,0
2016-05-06,20:00:00,26.47,26.53,26.4,26.47,6700,0
2016-05-06,21:00:00,26.46,26.59,26.46,26.54,7250,0
2016-05-06,22:00:00,26.54,26.83,26.38,26.78,42925,0
2016-05-09,16:00:00,25.81,26.41,25.23,26.23,17229,0
2016-05-09,17:00:00,26.26,26.41,26.16,26.29,8610,0
2016-05-09,18:00:00,26.29,26.37,26.19,26.2794,14148,0
2016-05-09,19:00:00,26.25,26.43,26.23,26.36,11823,0
2016-05-09,20:00:00,26.37,26.46,26.33,26.37,6950,0
2016-05-09,21:00:00,26.33,26.41,26.32,26.41,5031,0
2016-05-09,22:00:00,26.43,26.45,26.21,26.25,36473,0
2016-05-10,16:00:00,26.26,26.61,26.05,26.42,6359,0
2016-05-10,17:00:00,26.41,26.68,26.26,26.5759,14231,0
2016-05-10,18:00:00,26.56,26.62,26.4078,26.54,9074,0
2016-05-10,19:00:00,26.58,26.88,26.58,26.88,10520,0
2016-05-10,20:00:00,26.92,26.925,26.85,26.88,2878,0
2016-05-10,21:00:00,26.86,26.9,26.71,26.71,3053,0
2016-05-10,22:00:00,26.735,26.95,26.6375,26.83,13455,0
2016-05-11,16:00:00,26.86,27.09,26.67,26.76,10543,0
2016-05-11,17:00:00,26.67,26.71,26.5,26.63,2000,0
2016-05-11,18:00:00,26.46,26.63,26.4,26.4801,2728,0
2016-05-11,19:00:00,26.54,26.54,26.41,26.41,2350,0
2016-05-11,20:00:00,26.48,26.48,26.33,26.39,1669,0
2016-05-11,21:00:00,26.41,26.44,26.2806,26.35,3921,0
2016-05-11,22:00:00,26.37,26.46,26.25,26.26,14400,0
2016-05-12,16:00:00,26.3,26.69,26.3,26.64,20700,0
2016-05-12,17:00:00,26.63,26.7,25.91,26.02,19676,0
2016-05-12,18:00:00,25.99,26.29,25.92,26.14,9660,0
2016-05-12,19:00:00,26.11,26.11,25.99,26.01,7445,0
2016-05-12,20:00:00,25.96,25.96,25.7,25.88,4200,0
2016-05-12,21:00:00,25.88,25.97,25.8,25.83,5835,0
2016-05-12,22:00:00,25.83,26.14,25.83,25.98,29263,0
2016-05-13,16:00:00,25.94,26.3,25.76,25.99,10683,0
2016-05-13,17:00:00,25.95,26.5399,25.92,26.41,24269,0
2016-05-13,18:00:00,26.41,26.555,26.32,26.34,5772,0
2016-05-13,19:00:00,26.34,26.58,26.26,26.3899,12668,0
2016-05-13,20:00:00,26.28,26.36,26.21,26.2999,3627,0
2016-05-13,21:00:00,26.32,26.36,26.15,26.155,3000,0
2016-05-13,22:00:00,26.13,26.27,26.13,26.14,17052,0
2016-05-16,16:00:00,26.16,26.56,26.07,26.4725,11258,0
2016-05-16,17:00:00,26.42,26.68,26.42,26.64,5600,0
2016-05-16,18:00:00,26.64,26.7,26.45,26.617,6128,0
2016-05-16,19:00:00,26.6,26.65,26.58,26.6,5100,0
2016-05-16,20:00:00,26.6,26.69,26.57,26.62,6400,0
2016-05-16,21:00:00,26.63,26.84,26.63,26.8,4272,0
2016-05-16,22:00:00,26.778,26.87,26.53,26.53,22940,0
2016-05-17,16:00:00,26.44,26.5099,26.21,26.435,3667,0
2016-05-17,17:00:00,26.55,26.66,26.21,26.48,17555,0
2016-05-17,18:00:00,26.45,26.68,26.45,26.6,7577,0
2016-05-17,19:00:00,26.6,26.6,26.27,26.31,7561,0
2016-05-17,20:00:00,26.29,26.37,26.115,26.12,6500,0
2016-05-17,21:00:00,26.12,26.25,25.92,25.986,15352,0
2016-05-17,22:00:00,25.99,26.1,25.96,26.06,25912,0
2016-05-18,16:00:00,25.98,26.22,25.89,26.12,8354,0
2016-05-18,17:00:00,26.08,26.695,26.04,26.47,35165,0
2016-05-18,18:00:00,26.46,26.74,26.46,26.655,7700,0
2016-05-18,19:00:00,26.635,26.66,26.54,26.63,3695,0
2016-05-18,20:00:00,26.71,26.97,26.71,26.82,8200,0
2016-05-18,21:00:00,26.82,26.97,26.73,26.84,13823,0
2016-05-18,22:00:00,26.85,27,26.82,27,22136,0
2016-05-19,16:00:00,26.87,26.9113,26.36,26.4,3958,0
2016-05-19,17:00:00,26.41,26.44,26.25,26.33,7300,0
2016-05-19,18:00:00,26.31,26.34,26.0899,26.19,13600,0
2016-05-19,19:00:00,26.2,26.23,26.12,26.17,4200,0
2016-05-19,20:00:00,26.17,26.61,26.17,26.6,6500,0
2016-05-19,21:00:00,26.54,26.77,26.42,26.54,8700,0
2016-05-19,22:00:00,26.49,26.66,26.43,26.49,19530,0
2016-05-20,16:00:00,26.64,26.88,26.64,26.88,5037,0
2016-05-20,17:00:00,26.92,26.97,26.74,26.81,6109,0
2016-05-20,18:00:00,26.77,26.9,26.7,26.79,8826,0
2016-05-20,19:00:00,26.73,26.74,26.7,26.71,3400,0
2016-05-20,20:00:00,26.7,26.7999,26.55,26.56,4247,0
2016-05-20,21:00:00,26.585,26.79,26.585,26.73,5350,0
2016-05-20,22:00:00,26.73,26.9,26.63,26.86,23768,0
2016-05-23,16:00:00,26.95,26.95,26.63,26.9,6605,0
2016-05-23,17:00:00,26.81,26.94,26.65,26.826,12400,0
2016-05-23,18:00:00,26.8081,27,26.79,26.94,17500,0
2016-05-23,19:00:00,26.94,26.995,26.94,26.98,2600,0
2016-05-23,20:00:00,26.99,27.01,26.82,26.88,12972,0
2016-05-23,21:00:00,26.86,26.9703,26.86,26.93,8653,0
2016-05-23,22:00:00,26.93,26.96,26.7,26.76,26033,0
2016-05-24,16:00:00,27.02,27.14,26.99,27.14,2918,0
2016-05-24,17:00:00,27.17,27.33,27.06,27.24,10078,0
2016-05-24,18:00:00,27.2,27.3,27.11,27.2601,9321,0
2016-05-24,19:00:00,27.34,27.38,27.23,27.33,10150,0
2016-05-24,20:00:00,27.31,27.41,27.25,27.34,8500,0
2016-05-24,21:00:00,27.29,27.39,27.26,27.29,4500,0
2016-05-24,22:00:00,27.31,27.42,27.2501,27.29,45320,0
2016-05-25,16:00:00,27.36,27.81,27.36,27.8,7375,0
2016-05-25,17:00:00,27.75,27.75,27.52,27.62,7100,0
2016-05-25,18:00:00,27.49,27.53,27.265,27.31,3200,0
2016-05-25,19:00:00,27.36,27.38,27.27,27.34,2465,0
2016-05-25,20:00:00,27.3799,27.57,27.31,27.51,16583,0
2016-05-25,21:00:00,27.455,27.55,27.3001,27.3001,8611,0
2016-05-25,22:00:00,27.35,27.37,27.22,27.26,17456,0
2016-05-26,16:00:00,27.23,27.3499,27.04,27.1975,6682,0
2016-05-26,17:00:00,27.18,27.3,27.18,27.24,2956,0
2016-05-26,18:00:00,27.21,27.33,27.1801,27.28,4545,0
2016-05-26,19:00:00,27.32,27.4399,27.271,27.34,2400,0
2016-05-26,20:00:00,27.36,27.56,27.36,27.54,3350,0
2016-05-26,21:00:00,27.4861,27.55,27.46,27.48,7108,0
2016-05-26,22:00:00,27.45,27.53,27.34,27.4,11277,0
2016-05-27,16:00:00,27.55,27.74,27.4,27.58,2313,0
2016-05-27,17:00:00,27.7,28.03,27.6366,27.8,12753,0
2016-05-27,18:00:00,27.8,28.03,27.77,27.96,4900,0
2016-05-27,19:00:00,28,28.2,28,28.16,10846,0
2016-05-27,20:00:00,28.16,28.26,28.1,28.15,3819,0
2016-05-27,21:00:00,28.12,28.395,28.12,28.38,7804,0
2016-05-27,22:00:00,28.355,28.44,28.3,28.3899,15932,0
2016-05-31,16:00:00,28.48,28.64,28.33,28.55,2755,0
2016-05-31,17:00:00,28.52,28.8,28.52,28.8,9357,0
2016-05-31,18:00:00,28.755,28.79,28.64,28.64,3592,0
2016-05-31,19:00:00,28.55,28.56,28.31,28.4,4200,0
2016-05-31,20:00:00,28.3,28.45,28.21,28.21,6432,0
2016-05-31,21:00:00,28.21,28.21,27.915,27.915,3607,0
2016-05-31,22:00:00,27.915,28.03,27.835,27.89,32093,0
2016-06-01,16:00:00,27.77,27.77,27.562,27.62,1226,0
2016-06-01,17:00:00,27.76,27.78,27.63,27.77,2245,0
2016-06-01,18:00:00,27.84,27.9,27.78,27.9,1600,0
2016-06-01,19:00:00,27.82,28,27.82,27.86,3214,0
2016-06-01,20:00:00,27.86,27.93,27.8,27.93,1975,0
2016-06-01,21:00:00,27.94,28.1,27.85,27.93,18961,0
2016-06-01,22:00:00,27.96,28.12,27.94,28.09,21481,0
2016-06-02,16:00:00,28.06,28.07,28,28.03,1121,0
2016-06-02,17:00:00,28.04,28.07,27.56,27.67,7939,0
2016-06-02,18:00:00,27.71,27.73,27.58,27.65,5050,0
2016-06-02,19:00:00,27.63,27.9,27.57,27.75,26660,0
2016-06-02,20:00:00,27.74,27.87,27.67,27.71,5761,0
2016-06-02,21:00:00,27.68,28,27.65,28,5980,0
2016-06-02,22:00:00,28.03,28.03,27.79,27.94,11807,0
2016-06-03,16:00:00,27.73,27.73,27.44,27.51,6388,0
2016-06-03,17:00:00,27.46,27.69,27.3,27.555,18604,0
2016-06-03,18:00:00,27.575,27.59,27.25,27.41,23351,0
2016-06-03,19:00:00,27.42,27.57,27.42,27.44,1300,0
2016-06-03,20:00:00,27.46,27.5,27.4,27.5,1700,0
2016-06-03,21:00:00,27.48,27.56,27.48,27.55,3884,0
2016-06-03,22:00:00,27.5,27.53,27.29,27.29,17645,0
2016-06-06,16:00:00,27.22,27.68,27.05,27.68,6250,0
2016-06-06,17:00:00,27.69,28.05,27.6701,28.05,18463,0
2016-06-06,18:00:00,28.03,28.05,27.83,28.05,8757,0
2016-06-06,19:00:00,28,28.05,27.95,28.04,5300,0
2016-06-06,20:00:00,28.04,28.41,28.04,28.4,23223,0
2016-06-06,21:00:00,28.35,28.42,28.345,28.38,3500,0
2016-06-06,22:00:00,28.33,28.37,28.15,28.18,15129,0
2016-06-07,16:00:00,28.32,28.4,27.86,27.98,2222,0
2016-06-07,17:00:00,28.03,28.19,27.9642,27.99,4350,0
2016-06-07,18:00:00,28.04,28.11,27.99,28,3400,0
2016-06-07,19:00:00,28.04,28.19,28.03,28.14,4850,0
2016-06-07,20:00:00,28.15,28.16,28,28,2800,0
2016-06-07,21:00:00,27.98,27.99,27.87,27.87,5895,0
2016-06-07,22:00:00,27.85,27.865,27.7,27.71,11683,0
2016-06-08,16:00:00,27.68,27.91,27.37,27.85,4351,0
2016-06-08,17:00:00,27.93,27.99,27.68,27.88,21401,0
2016-06-08,18:00:00,27.89,27.99,27.7603,27.9405,8167,0
2016-06-08,19:00:00,27.95,28.1,27.9403,27.99,2706,0
2016-06-08,20:00:00,28.04,28.1,27.8999,27.91,2900,0
2016-06-08,21:00:00,27.9,27.99,27.875,27.93,3200,0
2016-06-08,22:00:00,27.9183,27.97,27.77,27.84,13499,0
2016-06-09,16:00:00,27.74,27.74,27.44,27.465,1726,0
2016-06-09,17:00:00,27.43,27.605,27.43,27.53,3310,0
2016-06-09,18:00:00,27.545,27.55,27.14,27.14,6200,0
2016-06-09,19:00:00,27.125,27.2799,27.09,27.25,6600,0
2016-06-09,20:00:00,27.29,27.35,27.13,27.23,1800,0
2016-06-09,21:00:00,27.21,27.37,27.2,27.37,3086,0
2016-06-09,22:00:00,27.38,27.39,27.24,27.32,17940,0
2016-06-10,16:00:00,26.96,27.09,26.7101,26.87,3034,0
2016-06-10,17:00:00,26.955,27.23,26.895,27.23,7437,0
2016-06-10,18:00:00,27.19,27.3,27.05,27.05,3100,0
2016-06-10,19:00:00,27,27.04,26.96,26.98,3923,0
2016-06-10,20:00:00,26.995,27.03,26.94,26.97,7170,0
2016-06-10,21:00:00,26.95,27.04,26.9,26.97,9805,0
2016-06-10,22:00:00,26.94,27.14,26.75,27.08,13922,0
2016-06-13,16:00:00,26.91,27.2227,26.37,27.2227,3311,0
2016-06-13,17:00:00,27.175,27.19,26.91,26.92,8100,0
2016-06-13,18:00:00,26.9599,27.0555,26.87,26.87,7955,0
2016-06-13,19:00:00,26.94,27.1,26.9,26.935,2600,0
2016-06-13,20:00:00,26.9,26.9,26.71,26.76,2800,0
2016-06-13,21:00:00,26.75,26.95,26.74,26.87,4150,0
2016-06-13,22:00:00,26.85,26.9,26.73,26.86,21196,0
2016-06-14,16:00:00,26.7,27.16,26.7,26.82,8353,0
2016-06-14,17:00:00,26.89,26.89,26.43,26.5,9800,0
2016-06-14,18:00:00,26.49,26.64,26.49,26.51,8001,0
2016-06-14,19:00:00,26.41,26.64,26.41,26.47,7157,0
2016-06-14,20:00:00,26.45,26.51,26.31,26.46,6332,0
2016-06-14,21:00:00,26.47,26.59,26.47,26.485,14233,0
2016-06-14,22:00:00,26.5,26.68,26.35,26.41,24974,0
2016-06-15,16:00:00,26.7448,26.7448,26.51,26.61,1780,0
2016-06-15,17:00:00,26.655,26.75,26.55,26.75,1300,0
2016-06-15,18:00:00,26.79,26.92,26.64,26.69,3800,0
2016-06-15,19:00:00,26.84,26.8844,26.74,26.82,2277,0
2016-06-15,20:00:00,26.83,27.04,26.8,26.91,2300,0
2016-06-15,21:00:00,26.89,26.92,26.58,26.71,4200,0
2016-06-15,22:00:00,26.72,26.78,26.44,26.52,7305,0
2016-06-16,16:00:00,26.21,26.22,26.05,26.1,4083,0
2016-06-16,17:00:00,26.11,26.33,26.01,26.33,11185,0
2016-06-16,18:00:00,26.33,26.61,26.33,26.43,2003,0
2016-06-16,19:00:00,26.37,26.51,26.32,26.51,3443,0
2016-06-16,20:00:00,26.43,26.55,26.42,26.47,2728,0
2016-06-16,21:00:00,26.445,26.65,26.42,26.65,4119,0
2016-06-16,22:00:00,26.65,26.83,26.47,26.82,22234,0
2016-06-17,16:00:00,26.81,27.025,26.81,27.025,32845,0
2016-06-17,17:00:00,26.97,27.23,26.97,27.165,2759,0
2016-06-17,18:00:00,27.08,27.08,26.86,26.88,1900,0
2016-06-17,19:00:00,26.9064,26.9064,26.55,26.55,1700,0
2016-06-17,20:00:00,26.51,26.67,26.5,26.63,2300,0
2016-06-17,21:00:00,26.61,26.71,26.57,26.63,2900,0
2016-06-17,22:00:00,26.67,26.71,26.59,26.71,42620,0
2016-06-20,16:00:00,26.93,27.2,26.93,27.03,2348,0
2016-06-20,17:00:00,27.04,27.16,27.03,27.16,2190,0
2016-06-20,18:00:00,27.2,27.32,27.14,27.15,2035,0
2016-06-20,19:00:00,27.26,27.35,27.18,27.25,1700,0
2016-06-20,20:00:00,27.2301,27.29,27.01,27.01,989,0
2016-06-20,21:00:00,27.02,27.07,26.99,27.07,2400,0
2016-06-20,22:00:00,27.1,27.1,26.9,26.93,10159,0
2016-06-21,16:00:00,27.02,27.02,26.57,26.72,2323,0
2016-06-21,17:00:00,26.64,26.73,26.45,26.56,5100,0
2016-06-21,18:00:00,26.65,26.8,26.44,26.6,3400,0
2016-06-21,19:00:00,26.49,26.67,26.4699,26.53,6875,0
2016-06-21,20:00:00,26.56,26.7534,26.5,26.63,6390,0
2016-06-21,21:00:00,26.62,26.89,26.58,26.71,5149,0
2016-06-21,22:00:00,26.71,26.79,26.61,26.74,21456,0
2016-06-22,16:00:00,26.75,26.91,26.75,26.81,1036,0
2016-06-22,17:00:00,26.545,26.865,26.545,26.81,1500,0
2016-06-22,18:00:00,26.93,27,26.89,26.89,2300,0
2016-06-22,19:00:00,26.9,26.9,26.75,26.7601,3350,0
2016-06-22,20:00:00,26.77,26.79,26.69,26.78,2300,0
2016-06-22,21:00:00,26.75,26.86,26.695,26.86,2600,0
2016-06-22,22:00:00,26.8,26.81,26.66,26.7201,25676,0
2016-06-23,16:00:00,27.12,27.18,27,27.01,2739,0
2016-06-23,17:00:00,27.02,27.1,26.91,26.98,10425,0
2016-06-23,18:00:00,26.95,27.09,26.92,27.08,7105,0
2016-06-23,19:00:00,27.08,27.11,26.96,27.02,3092,0
2016-06-23,20:00:00,27.02,27.1,27.01,27.01,2300,0
2016-06-23,21:00:00,27.04,27.04,26.9,26.94,3632,0
2016-06-23,22:00:00,26.96,26.98,26.77,26.86,23808,0
2016-06-24,16:00:00,25.67,25.77,25.1,25.6421,3583,0
2016-06-24,17:00:00,25.53,25.74,25.45,25.66,6591,0
2016-06-24,18:00:00,25.63,25.76,25.52,25.76,3090,0
2016-06-24,19:00:00,25.66,25.74,25.56,25.62,5045,0
2016-06-24,20:00:00,25.557,25.79,25.557,25.72,12401,0
2016-06-24,21:00:00,25.71,25.85,25.62,25.84,10840,0
2016-06-24,22:00:00,25.81,26.08,25.69,26.08,85103,0
2016-06-27,16:00:00,25.5,25.6,25.2301,25.6,7707,0
2016-06-27,17:00:00,25.65,25.77,25.45,25.47,9724,0
2016-06-27,18:00:00,25.48,25.54,25.4,25.51,7199,0
2016-06-27,19:00:00,25.47,25.59,25.415,25.5,6255,0
2016-06-27,20:00:00,25.53,25.59,25.5,25.55,5588,0
2016-06-27,21:00:00,25.55,25.6,25.515,25.515,9200,0
2016-06-27,22:00:00,25.525,25.66,25.48,25.56,27415,0
2016-06-28,16:00:00,25.94,25.94,25.82,25.91,1546,0
2016-06-28,17:00:00,25.97,26.15,25.59,25.86,13800,0
2016-06-28,18:00:00,25.85,25.97,25.62,25.925,13894,0
2016-06-28,19:00:00,25.95,25.99,25.81,25.91,6809,0
2016-06-28,20:00:00,25.89,26.04,25.83,26.04,14298,0
2016-06-28,21:00:00,26.08,26.13,25.77,26.06,11469,0
2016-06-28,22:00:00,26.04,26.04,25.8,25.86,20085,0
2016-06-29,16:00:00,26.13,26.64,26.13,26.32,1849,0
2016-06-29,17:00:00,26.14,26.295,25.93,25.98,6500,0
2016-06-29,18:00:00,26.01,26.265,26,26.225,7380,0
2016-06-29,19:00:00,26.225,26.225,26.0301,26.14,5834,0
2016-06-29,20:00:00,26.11,26.19,25.96,26.15,4113,0
2016-06-29,21:00:00,26.155,26.4,26.15,26.25,9805,0
2016-06-29,22:00:00,26.2201,26.43,26.21,26.34,12816,0
