Date,Time,Open,High,Low,Close,Volume,OpenInt
2015-12-07,16:00:00,55.007,55.007,54.544,54.731,3383687,0
2015-12-07,17:00:00,54.721,54.859,54.653,54.801,4576534,0
2015-12-07,18:00:00,54.791,54.83,54.559,54.761,3113173,0
2015-12-07,19:00:00,54.751,54.821,54.563,54.593,2110891,0
2015-12-07,20:00:00,54.583,54.83,54.515,54.791,2860769,0
2015-12-07,21:00:00,54.791,55.012,54.721,54.736,3112402,0
2015-12-07,22:00:00,54.74,55.185,54.633,55.027,9757811,0
2015-12-08,16:00:00,54.692,54.919,54.219,54.598,4926190,0
2015-12-08,17:00:00,54.603,54.84,54.421,54.761,4195800,0
2015-12-08,18:00:00,54.761,55.037,54.692,54.964,4264453,0
2015-12-08,19:00:00,54.964,54.978,54.721,54.969,2107555,0
2015-12-08,20:00:00,54.978,55.151,54.929,55.15,3040230,0
2015-12-08,21:00:00,55.145,55.313,55.087,55.185,3851599,0
2015-12-08,22:00:00,55.185,55.225,54.909,55.007,8396765,0
2015-12-09,16:00:00,54.593,54.959,54.347,54.889,3265330,0
2015-12-09,17:00:00,54.899,55.087,54.796,54.859,4743276,0
2015-12-09,18:00:00,54.869,54.939,54.337,54.525,3846083,0
2015-12-09,19:00:00,54.525,54.663,53.884,53.933,5082872,0
2015-12-09,20:00:00,53.933,54.111,53.795,53.953,4743672,0
2015-12-09,21:00:00,53.953,54.011,53.745,53.815,3683686,0
2015-12-09,22:00:00,53.825,54.357,53.805,54.209,8296772,0
2015-12-10,16:00:00,54.613,54.731,54.239,54.544,1300346,0
2015-12-10,17:00:00,54.544,54.806,54.392,54.673,4403851,0
2015-12-10,18:00:00,54.663,54.771,54.525,54.633,2835882,0
2015-12-10,19:00:00,54.623,54.643,54.249,54.525,2955206,0
2015-12-10,20:00:00,54.535,54.658,54.406,54.47,2269384,0
2015-12-10,21:00:00,54.465,54.874,54.455,54.701,3093909,0
2015-12-10,22:00:00,54.706,54.73,54.308,54.495,10885853,0
2015-12-11,16:00:00,53.943,54.126,53.617,54.115,4599085,0
2015-12-11,17:00:00,54.12,54.327,53.963,53.982,5259142,0
2015-12-11,18:00:00,53.982,54.071,53.539,53.539,4143210,0
2015-12-11,19:00:00,53.539,53.834,53.361,53.726,4235279,0
2015-12-11,20:00:00,53.716,53.913,53.496,53.805,2859682,0
2015-12-11,21:00:00,53.805,53.923,53.524,53.558,3222360,0
2015-12-11,22:00:00,53.553,53.706,53.253,53.302,12565489,0
2015-12-14,16:00:00,53.568,53.607,52.976,53,5162542,0
2015-12-14,17:00:00,53.006,53.667,52.927,53.307,7838012,0
2015-12-14,18:00:00,53.312,53.548,53.124,53.489,4688758,0
2015-12-14,19:00:00,53.489,53.825,53.292,53.775,4037085,0
2015-12-14,20:00:00,53.775,53.928,53.647,53.864,3348424,0
2015-12-14,21:00:00,53.864,54.179,53.716,54.12,3921928,0
2015-12-14,22:00:00,54.12,54.435,53.854,54.377,5704228,0
2015-12-15,16:00:00,54.879,55.116,54.669,54.992,6384672,0
2015-12-15,17:00:00,54.997,55.007,54.692,54.711,7379146,0
2015-12-15,18:00:00,54.701,54.746,54.317,54.485,4784522,0
2015-12-15,19:00:00,54.475,54.801,54.455,54.801,4614306,0
2015-12-15,20:00:00,54.801,54.816,54.563,54.721,3056201,0
2015-12-15,21:00:00,54.731,54.859,54.643,54.701,2550815,0
2015-12-15,22:00:00,54.701,54.716,54.357,54.425,7712021,0
2015-12-16,16:00:00,54.761,55.007,54.633,54.663,3694181,0
2015-12-16,17:00:00,54.663,54.791,54.554,54.701,4519356,0
2015-12-16,18:00:00,54.692,54.751,54.337,54.387,2449280,0
2015-12-16,19:00:00,54.387,54.499,54.199,54.239,2576483,0
2015-12-16,20:00:00,54.249,54.593,54.199,54.559,3050212,0
2015-12-16,21:00:00,54.544,55.195,53.992,55.103,4072099,0
2015-12-16,22:00:00,55.107,55.456,54.939,55.353,3178047,0
2015-12-17,16:00:00,55.569,55.993,55.411,55.807,6015239,0
2015-12-17,17:00:00,55.816,55.826,54.959,55.087,7482040,0
2015-12-17,18:00:00,55.087,55.23,54.84,54.959,3913003,0
2015-12-17,19:00:00,54.959,55.205,54.756,55.135,3290011,0
2015-12-17,20:00:00,55.135,55.609,55.116,55.501,3770867,0
2015-12-17,21:00:00,55.501,55.564,55.225,55.291,3914791,0
2015-12-17,22:00:00,55.283,55.406,54.909,54.919,10278322,0
2015-12-18,16:00:00,54.987,55.215,54.435,54.495,14442134,0
2015-12-18,17:00:00,54.505,54.544,54.081,54.327,10243519,0
2015-12-18,18:00:00,54.323,54.445,54.219,54.297,4101416,0
2015-12-18,19:00:00,54.297,54.327,53.963,54.041,4508140,0
2015-12-18,20:00:00,54.031,54.283,53.982,54.199,3500870,0
2015-12-18,21:00:00,54.199,54.455,54.149,54.179,4486425,0
2015-12-18,22:00:00,54.189,54.258,53.282,53.292,12744002,0
2015-12-21,16:00:00,54.111,54.573,53.933,54.219,5689487,0
2015-12-21,17:00:00,54.224,54.249,53.696,53.785,5387087,0
2015-12-21,18:00:00,53.785,53.883,53.466,53.515,4279455,0
2015-12-21,19:00:00,53.519,53.844,53.509,53.775,3821163,0
2015-12-21,20:00:00,53.785,53.933,53.686,53.923,2179482,0
2015-12-21,21:00:00,53.923,54.002,53.686,53.8,2760858,0
2015-12-21,22:00:00,53.795,54.081,53.637,54.031,10563715,0
2015-12-22,16:00:00,54.219,54.229,53.735,54.081,3415318,0
2015-12-22,17:00:00,54.081,54.367,53.943,54.066,4541880,0
2015-12-22,18:00:00,54.071,54.425,54.002,54.283,3503925,0
2015-12-22,19:00:00,54.287,54.406,54.189,54.327,2534755,0
2015-12-22,20:00:00,54.327,54.475,54.12,54.435,2921072,0
2015-12-22,21:00:00,54.435,54.472,54.317,54.465,2242669,0
2015-12-22,22:00:00,54.46,54.701,54.406,54.535,5297314,0
2015-12-23,16:00:00,54.919,55.087,54.751,54.997,2688836,0
2015-12-23,17:00:00,54.997,55.097,54.766,54.83,4724750,0
2015-12-23,18:00:00,54.83,54.949,54.741,54.919,2406680,0
2015-12-23,19:00:00,54.924,54.959,54.663,54.827,2829854,0
2015-12-23,20:00:00,54.825,54.949,54.761,54.939,2257682,0
2015-12-23,21:00:00,54.929,55.087,54.869,55.077,2786365,0
2015-12-23,22:00:00,55.077,55.087,54.909,55.037,6105548,0
2015-12-24,16:00:00,55.077,55.175,54.971,55.007,1680911,0
2015-12-24,17:00:00,55.007,55.175,54.796,54.879,2381008,0
2015-12-24,18:00:00,54.879,54.929,54.653,54.903,1903909,0
2015-12-24,19:00:00,54.899,55.047,54.869,54.899,2180053,0
2015-12-24,20:00:00,54.889,54.889,54.889,54.889,978268,0
2015-12-28,16:00:00,54.573,54.673,54.258,54.495,2463807,0
2015-12-28,17:00:00,54.505,54.51,54.209,54.268,2766715,0
2015-12-28,18:00:00,54.268,54.563,54.239,54.525,2387344,0
2015-12-28,19:00:00,54.525,54.643,54.445,54.593,1871580,0
2015-12-28,20:00:00,54.593,54.949,54.591,54.83,2518730,0
2015-12-28,21:00:00,54.83,55.116,54.83,55.107,2812839,0
2015-12-28,22:00:00,55.107,55.165,54.978,55.165,4257354,0
2015-12-29,16:00:00,55.501,55.609,55.273,55.609,3334520,0
2015-12-29,17:00:00,55.609,55.845,55.353,55.619,5239094,0
2015-12-29,18:00:00,55.629,55.797,55.599,55.755,2255422,0
2015-12-29,19:00:00,55.747,55.84,55.678,55.811,1932356,0
2015-12-29,20:00:00,55.807,56.053,55.688,56.008,2823453,0
2015-12-29,21:00:00,56.013,56.053,55.865,55.961,2748650,0
2015-12-29,22:00:00,55.957,56.043,55.737,55.757,6889984,0
2015-12-30,16:00:00,55.678,55.807,55.498,55.747,1707544,0
2015-12-30,17:00:00,55.757,55.983,55.707,55.875,2377021,0
2015-12-30,18:00:00,55.875,55.895,55.659,55.669,2177531,0
2015-12-30,19:00:00,55.669,55.875,55.664,55.852,1786485,0
2015-12-30,20:00:00,55.85,55.915,55.762,55.85,1779925,0
2015-12-30,21:00:00,55.845,55.935,55.816,55.853,2031539,0
2015-12-30,22:00:00,55.855,55.925,55.501,55.554,4023139,0
2015-12-31,16:00:00,55.255,55.373,54.899,55.007,2608168,0
2015-12-31,17:00:00,54.997,55.051,54.643,54.781,3363355,0
2015-12-31,18:00:00,54.781,55.077,54.741,55.031,3637052,0
2015-12-31,19:00:00,55.037,55.402,55.027,55.263,2343235,0
2015-12-31,20:00:00,55.255,55.293,55.067,55.195,1859575,0
2015-12-31,21:00:00,55.195,55.215,54.796,54.889,2850104,0
2015-12-31,22:00:00,54.889,55.057,54.673,54.701,7989242,0
2016-01-04,16:00:00,53.558,53.775,53.144,53.706,6274066,0
2016-01-04,17:00:00,53.696,53.701,52.7,52.74,8452451,0
2016-01-04,18:00:00,52.735,53.164,52.641,53.075,5976174,0
2016-01-04,19:00:00,53.075,53.203,52.907,53.18,5063752,0
2016-01-04,20:00:00,53.183,53.321,53.129,53.188,4269608,0
2016-01-04,21:00:00,53.183,53.391,53.085,53.331,4887264,0
2016-01-04,22:00:00,53.331,54.031,53.055,54.031,14903860,0
2016-01-05,16:00:00,54.159,54.553,54.002,54.258,3589830,0
2016-01-05,17:00:00,54.258,54.416,53.982,54.297,4470876,0
2016-01-05,18:00:00,54.297,54.377,54.046,54.263,3447305,0
2016-01-05,19:00:00,54.268,54.268,53.775,54.12,3591875,0
2016-01-05,20:00:00,54.13,54.416,54.011,54.333,3029415,0
2016-01-05,21:00:00,54.33,54.613,54.292,54.411,3390349,0
2016-01-05,22:00:00,54.406,54.588,54.258,54.278,9285836,0
2016-01-06,16:00:00,53.558,53.637,53.381,53.529,4945030,0
2016-01-06,17:00:00,53.519,53.543,53.292,53.446,6043812,0
2016-01-06,18:00:00,53.44,53.509,53.016,53.381,5672328,0
2016-01-06,19:00:00,53.391,53.548,53.341,53.425,2551938,0
2016-01-06,20:00:00,53.42,53.459,53.203,53.292,2850174,0
2016-01-06,21:00:00,53.292,53.479,52.888,52.992,5214880,0
2016-01-06,22:00:00,52.996,53.351,52.957,53.292,9953645,0
2016-01-07,16:00:00,51.961,52.217,51.34,51.99,8135416,0
2016-01-07,17:00:00,51.98,52.735,51.803,52.557,8729724,0
2016-01-07,18:00:00,52.557,52.582,52.05,52.109,4848794,0
2016-01-07,19:00:00,52.114,52.168,52,52.04,3090784,0
2016-01-07,20:00:00,52.037,52.089,51.591,51.704,5321706,0
2016-01-07,21:00:00,51.704,51.941,51.508,51.704,5832360,0
2016-01-07,22:00:00,51.694,52.027,51.438,51.438,16639600,0
2016-01-08,16:00:00,51.636,52.227,51.518,52.217,7739769,0
2016-01-08,17:00:00,52.217,52.36,51.684,51.764,6795469,0
2016-01-08,18:00:00,51.764,52.208,51.418,52.178,5238672,0
2016-01-08,19:00:00,52.178,52.474,52.07,52.336,4432505,0
2016-01-08,20:00:00,52.335,52.533,52.133,52.227,5767132,0
2016-01-08,21:00:00,52.237,52.306,51.99,52.089,5277925,0
2016-01-08,22:00:00,52.079,52.168,51.518,51.596,10481436,0
2016-01-11,16:00:00,51.764,52.109,51.616,51.689,3386919,0
2016-01-11,17:00:00,51.675,51.804,51.295,51.35,4397396,0
2016-01-11,18:00:00,51.35,51.842,51.28,51.665,3850190,0
2016-01-11,19:00:00,51.66,51.684,51.074,51.198,4524784,0
2016-01-11,20:00:00,51.202,51.29,50.758,50.856,4019914,0
2016-01-11,21:00:00,50.846,51.35,50.738,51.192,4479507,0
2016-01-11,22:00:00,51.192,51.852,50.956,51.566,9735751,0
2016-01-12,16:00:00,52.02,52.355,51.872,52.07,4230224,0
2016-01-12,17:00:00,52.079,52.158,51.764,51.961,4801889,0
2016-01-12,18:00:00,51.961,51.97,51.38,51.607,4197203,0
2016-01-12,19:00:00,51.616,51.823,51.33,51.537,2990879,0
2016-01-12,20:00:00,51.537,51.823,51.537,51.636,2763926,0
2016-01-12,21:00:00,51.645,52.07,51.33,52.07,4255713,0
2016-01-12,22:00:00,52.07,52.237,51.842,52.03,10126686,0
2016-01-13,16:00:00,53.045,53.312,52.981,53.144,7138141,0
2016-01-13,17:00:00,53.154,53.203,52.967,53.095,8396817,0
2016-01-13,18:00:00,53.085,53.085,52.306,52.375,9310013,0
2016-01-13,19:00:00,52.375,52.592,52.06,52.099,5791199,0
2016-01-13,20:00:00,52.099,52.217,51.448,51.537,7711441,0
2016-01-13,21:00:00,51.527,51.527,50.584,51.064,9764134,0
2016-01-13,22:00:00,51.064,51.518,50.841,50.916,14256169,0
2016-01-14,16:00:00,51.27,51.36,50.916,51.064,5058528,0
2016-01-14,17:00:00,51.054,52.03,50.846,51.734,10607180,0
2016-01-14,18:00:00,51.744,52.178,51.556,52.178,4990846,0
2016-01-14,19:00:00,52.178,52.266,51.823,51.823,4080888,0
2016-01-14,20:00:00,51.823,52.355,51.714,52.286,5060405,0
2016-01-14,21:00:00,52.288,52.612,52.109,52.542,4613664,0
2016-01-14,22:00:00,52.552,52.668,52.208,52.365,13564332,0
2016-01-15,16:00:00,50.59,51.242,50.344,50.6,10939103,0
2016-01-15,17:00:00,50.6,51.004,50.394,50.478,8661642,0
2016-01-15,18:00:00,50.482,50.6,50.156,50.334,6735440,0
2016-01-15,19:00:00,50.334,50.394,49.683,50.196,6743232,0
2016-01-15,20:00:00,50.196,50.304,49.634,50.181,7253040,0
2016-01-15,21:00:00,50.186,50.512,49.979,50.452,6818966,0
2016-01-15,22:00:00,50.452,51.074,49.772,50.275,17054760,0
2016-01-19,16:00:00,50.748,50.956,50.289,50.452,5483929,0
2016-01-19,17:00:00,50.432,50.61,49.96,49.999,5922951,0
2016-01-19,18:00:00,49.994,50.216,49.846,50.166,5456572,0
2016-01-19,19:00:00,50.156,50.196,49.722,49.826,4093471,0
2016-01-19,20:00:00,49.831,49.93,49.713,49.792,3488837,0
2016-01-19,21:00:00,49.792,49.841,49.358,49.506,4803583,0
2016-01-19,22:00:00,49.496,50.186,49.427,49.851,11551985,0
2016-01-20,16:00:00,49.279,49.495,48.885,49.018,5537813,0
2016-01-20,17:00:00,49.018,49.368,48.825,48.94,7390149,0
2016-01-20,18:00:00,48.944,49.526,48.875,49.023,6519014,0
2016-01-20,19:00:00,49.031,49.131,48.411,49.052,6539834,0
2016-01-20,20:00:00,49.052,50.028,48.983,49.989,9282096,0
2016-01-20,21:00:00,49.979,49.989,49.343,49.57,6508645,0
2016-01-20,22:00:00,49.57,50.66,49.466,50.078,17112132,0
2016-01-21,16:00:00,50.284,50.62,49.713,49.88,3813587,0
2016-01-21,17:00:00,49.885,50.718,49.836,50.384,6679644,0
2016-01-21,18:00:00,50.394,50.788,50.324,50.768,4939042,0
2016-01-21,19:00:00,50.778,50.856,50.284,50.294,3388782,0
2016-01-21,20:00:00,50.304,50.56,49.989,50.091,4203915,0
2016-01-21,21:00:00,50.108,50.58,49.594,50.048,5452641,0
2016-01-21,22:00:00,50.048,50.374,49.683,49.772,8674333,0
2016-01-22,16:00:00,50.689,51.172,50.541,50.965,4356510,0
2016-01-22,17:00:00,50.961,51.596,50.956,51.202,6638964,0
2016-01-22,18:00:00,51.202,51.428,51.039,51.316,4397538,0
2016-01-22,19:00:00,51.31,51.546,51.265,51.381,2910387,0
2016-01-22,20:00:00,51.387,51.513,51.265,51.468,2384089,0
2016-01-22,21:00:00,51.459,51.566,51.33,51.498,3610081,0
2016-01-22,22:00:00,51.498,51.566,51.29,51.546,9770728,0
2016-01-25,16:00:00,51.212,51.399,51.044,51.349,3818265,0
2016-01-25,17:00:00,51.34,51.498,51.162,51.448,4267702,0
2016-01-25,18:00:00,51.438,51.508,51.27,51.384,3082523,0
2016-01-25,19:00:00,51.38,51.744,51.35,51.704,3056439,0
2016-01-25,20:00:00,51.714,51.912,51.576,51.596,3127622,0
2016-01-25,21:00:00,51.596,51.764,51.537,51.694,2913427,0
2016-01-25,22:00:00,51.694,51.803,50.926,51.064,10926403,0
2016-01-26,16:00:00,51.064,51.546,50.827,50.984,4077441,0
2016-01-26,17:00:00,50.994,51.544,50.886,51.408,4508001,0
2016-01-26,18:00:00,51.399,51.684,51.36,51.408,3104567,0
2016-01-26,19:00:00,51.399,51.704,51.38,51.488,2461874,0
2016-01-26,20:00:00,51.488,51.694,51.38,51.576,2363685,0
2016-01-26,21:00:00,51.581,51.596,51.33,51.399,2683065,0
2016-01-26,22:00:00,51.399,51.576,51.251,51.438,7922491,0
2016-01-27,16:00:00,51.28,51.433,51.26,51.28,2855912,0
2016-01-27,17:00:00,51.27,51.28,50.532,50.952,4817104,0
2016-01-27,18:00:00,50.946,51.438,50.827,51.305,3116721,0
2016-01-27,19:00:00,51.31,51.453,51.27,51.33,2445181,0
2016-01-27,20:00:00,51.32,51.389,51.172,51.34,2390646,0
2016-01-27,21:00:00,51.35,51.468,50.56,50.675,6013985,0
2016-01-27,22:00:00,50.673,50.676,50.304,50.502,9944032,0
2016-01-28,16:00:00,51.132,51.418,50.743,51.34,5588984,0
2016-01-28,17:00:00,51.34,51.345,50.532,50.768,7073742,0
2016-01-28,18:00:00,50.763,51.162,50.56,50.644,5184868,0
2016-01-28,19:00:00,50.64,51.478,50.62,51.162,5328446,0
2016-01-28,20:00:00,51.157,51.29,50.728,50.846,6178031,0
2016-01-28,21:00:00,50.836,51.29,50.792,51.034,6200469,0
2016-01-28,22:00:00,51.034,51.468,50.994,51.325,15350209,0
2016-01-29,16:00:00,53.963,54.021,53.243,53.735,14979718,0
2016-01-29,17:00:00,53.731,54.164,53.459,53.548,11473580,0
2016-01-29,18:00:00,53.553,53.963,53.499,53.903,7346084,0
2016-01-29,19:00:00,53.903,54.239,53.805,54.126,6409421,0
2016-01-29,20:00:00,54.123,54.209,54.021,54.12,5772085,0
2016-01-29,21:00:00,54.125,54.234,53.953,54.184,5757731,0
2016-01-29,22:00:00,54.189,54.287,53.972,54.268,15535294,0
2016-02-01,16:00:00,54.111,54.317,53.82,53.925,5078266,0
2016-02-01,17:00:00,53.933,54.307,53.735,54.179,6103509,0
2016-02-01,18:00:00,54.179,54.239,53.943,53.992,4065265,0
2016-02-01,19:00:00,54.002,54.066,53.825,53.93,3383641,0
2016-02-01,20:00:00,53.928,54.061,53.834,53.968,3609815,0
2016-02-01,21:00:00,53.963,54.091,53.731,54.081,5638737,0
2016-02-01,22:00:00,54.086,54.278,53.873,53.943,13553684,0
2016-02-02,16:00:00,53.41,53.499,52.907,53.021,7193831,0
2016-02-02,17:00:00,53.016,53.124,52.71,52.878,8098466,0
2016-02-02,18:00:00,52.878,53.243,52.848,52.967,6407183,0
2016-02-02,19:00:00,52.971,53.016,52.74,52.898,5095783,0
2016-02-02,20:00:00,52.897,52.907,52.454,52.454,5621698,0
2016-02-02,21:00:00,52.464,52.547,51.98,51.98,5997053,0
2016-02-02,22:00:00,51.98,52.346,51.912,52.256,13259132,0
2016-02-03,16:00:00,52.503,52.641,52.375,52.454,5248923,0
2016-02-03,17:00:00,52.444,52.449,51.34,51.689,8071770,0
2016-02-03,18:00:00,51.694,51.704,51.034,51.212,8281834,0
2016-02-03,19:00:00,51.216,51.355,50.64,50.881,4741349,0
2016-02-03,20:00:00,50.876,51.014,50.541,50.57,4393400,0
2016-02-03,21:00:00,50.56,51.693,50.56,51.546,10449494,0
2016-02-03,22:00:00,51.546,51.794,51.232,51.428,13020728,0
2016-02-04,16:00:00,51.37,51.37,50.68,50.906,5483922,0
2016-02-04,17:00:00,50.916,52.07,50.65,51.764,10713957,0
2016-02-04,18:00:00,51.764,51.784,50.758,50.808,5018478,0
2016-02-04,19:00:00,50.813,51.29,50.778,51.079,3567837,0
2016-02-04,20:00:00,51.074,51.325,50.916,50.946,3150651,0
2016-02-04,21:00:00,50.956,51.142,50.689,51.122,5437279,0
2016-02-04,22:00:00,51.131,51.295,50.837,51.27,8948105,0
2016-02-05,16:00:00,51.212,51.27,50.689,50.758,5859408,0
2016-02-05,17:00:00,50.758,51.024,50.156,50.196,5989247,0
2016-02-05,18:00:00,50.191,50.26,49.589,50.108,5938753,0
2016-02-05,19:00:00,50.108,50.156,49.683,49.851,5045886,0
2016-02-05,20:00:00,49.851,49.851,49.333,49.363,5162879,0
2016-02-05,21:00:00,49.363,49.486,48.964,49.028,9966455,0
2016-02-05,22:00:00,49.032,49.526,48.865,49.456,18461756,0
2016-02-08,16:00:00,48.855,48.875,47.514,47.967,9484590,0
2016-02-08,17:00:00,47.958,48.5,47.771,48.12,10686068,0
2016-02-08,18:00:00,48.115,48.313,47.82,48.303,4566000,0
2016-02-08,19:00:00,48.303,48.569,48.135,48.431,5514354,0
2016-02-08,20:00:00,48.421,48.505,47.859,47.933,4075816,0
2016-02-08,21:00:00,47.928,48.027,47.583,47.751,5920441,0
2016-02-08,22:00:00,47.731,48.776,47.638,48.717,14421664,0
2016-02-09,16:00:00,48.333,49.003,48.175,48.865,5043315,0
2016-02-09,17:00:00,48.865,49.536,48.806,48.875,6946572,0
2016-02-09,18:00:00,48.865,49.368,48.825,48.929,4306138,0
2016-02-09,19:00:00,48.929,49.092,48.253,48.328,5646339,0
2016-02-09,20:00:00,48.323,48.392,47.987,48.308,5107866,0
2016-02-09,21:00:00,48.313,48.983,48.2,48.816,6865481,0
2016-02-09,22:00:00,48.816,49.269,48.5,48.589,8526769,0
2016-02-10,16:00:00,49.19,49.634,49.131,49.599,6409901,0
2016-02-10,17:00:00,49.594,49.683,49.023,49.131,6962419,0
2016-02-10,18:00:00,49.131,49.338,49.023,49.24,4320047,0
2016-02-10,19:00:00,49.25,49.526,49.092,49.496,3712675,0
2016-02-10,20:00:00,49.506,49.634,49.318,49.511,3097259,0
2016-02-10,21:00:00,49.506,49.654,49.19,49.279,3137663,0
2016-02-10,22:00:00,49.284,49.545,48.825,49.013,8052344,0
2016-02-11,16:00:00,47.997,48.796,47.829,48.717,4670141,0
2016-02-11,17:00:00,48.707,48.727,48.362,48.396,4753645,0
2016-02-11,18:00:00,48.401,48.609,48.145,48.527,5054637,0
2016-02-11,19:00:00,48.525,48.697,48.214,48.579,4661821,0
2016-02-11,20:00:00,48.599,48.717,48.244,48.318,4690500,0
2016-02-11,21:00:00,48.313,49.111,48.175,48.954,6528290,0
2016-02-11,22:00:00,48.964,49.407,48.825,48.993,13320098,0
2016-02-12,16:00:00,49.545,49.644,49.111,49.161,3630644,0
2016-02-12,17:00:00,49.17,49.466,49.052,49.388,3458489,0
2016-02-12,18:00:00,49.393,49.969,49.308,49.634,3635450,0
2016-02-12,19:00:00,49.644,49.722,49.486,49.504,2988022,0
2016-02-12,20:00:00,49.496,49.536,49.21,49.279,2400041,0
2016-02-12,21:00:00,49.274,49.812,49.259,49.802,3150880,0
2016-02-12,22:00:00,49.802,49.802,49.56,49.775,11457303,0
2016-02-16,16:00:00,50.546,50.646,50.219,50.378,3150558,0
2016-02-16,17:00:00,50.378,50.447,50.03,50.06,2960835,0
2016-02-16,18:00:00,50.06,50.365,49.782,50.338,3874536,0
2016-02-16,19:00:00,50.348,50.546,50.278,50.482,2151915,0
2016-02-16,20:00:00,50.487,50.556,50.398,50.457,2215386,0
2016-02-16,21:00:00,50.452,50.532,50.308,50.373,2567043,0
2016-02-16,22:00:00,50.378,50.735,50.258,50.735,15206089,0
2016-02-17,16:00:00,51.132,51.4,51.093,51.256,3670537,0
2016-02-17,17:00:00,51.261,52.086,51.256,52.006,5658221,0
2016-02-17,18:00:00,51.996,52.006,51.569,51.832,4125766,0
2016-02-17,19:00:00,51.837,52.155,51.778,52.086,3682829,0
2016-02-17,20:00:00,52.086,52.403,52.071,52.225,2820782,0
2016-02-17,21:00:00,52.215,52.354,52.026,52.056,3741179,0
2016-02-17,22:00:00,52.056,52.096,51.778,52.056,13106497,0
2016-02-18,16:00:00,51.967,52.463,51.897,52.314,3598358,0
2016-02-18,17:00:00,52.324,52.582,52.106,52.25,3166026,0
2016-02-18,18:00:00,52.245,52.255,51.986,52.245,2568437,0
2016-02-18,19:00:00,52.245,52.293,52.036,52.101,2592685,0
2016-02-18,20:00:00,52.101,52.235,51.798,51.837,2726490,0
2016-02-18,21:00:00,51.837,52.195,51.837,52.081,3241250,0
2016-02-18,22:00:00,52.081,52.111,51.738,51.827,6120608,0
2016-02-19,16:00:00,51.609,51.917,51.271,51.768,5458754,0
2016-02-19,17:00:00,51.758,51.907,51.639,51.688,3462889,0
2016-02-19,18:00:00,51.688,51.907,51.559,51.649,3142963,0
2016-02-19,19:00:00,51.649,51.708,51.51,51.559,1897538,0
2016-02-19,20:00:00,51.559,51.629,51.46,51.589,2219812,0
2016-02-19,21:00:00,51.589,51.634,51.172,51.232,2967960,0
2016-02-19,22:00:00,51.237,51.589,51.202,51.46,7680789,0
2016-02-22,16:00:00,51.917,52.463,51.917,52.453,3211997,0
2016-02-22,17:00:00,52.463,52.602,52.364,52.418,3407149,0
2016-02-22,18:00:00,52.413,52.632,52.374,52.493,3014334,0
2016-02-22,19:00:00,52.493,52.508,52.334,52.354,1994329,0
2016-02-22,20:00:00,52.359,52.542,52.314,52.483,1454095,0
2016-02-22,21:00:00,52.478,52.483,52.135,52.17,2068627,0
2016-02-22,22:00:00,52.17,52.284,52.006,52.284,7513912,0
2016-02-23,16:00:00,51.976,52.006,51.569,51.644,2482666,0
2016-02-23,17:00:00,51.639,51.688,51.182,51.247,3847096,0
2016-02-23,18:00:00,51.252,51.311,50.964,51.018,3150489,0
2016-02-23,19:00:00,51.013,51.162,50.969,51.162,1971266,0
2016-02-23,20:00:00,51.162,51.202,50.805,51.033,2801474,0
2016-02-23,21:00:00,51.033,51.053,50.755,50.765,2617503,0
2016-02-23,22:00:00,50.76,50.924,50.626,50.825,9073619,0
2016-02-24,16:00:00,50.338,50.378,49.951,50.04,2739084,0
2016-02-24,17:00:00,50.035,50.368,49.851,50.308,4208505,0
2016-02-24,18:00:00,50.318,50.656,50.11,50.497,2675442,0
2016-02-24,19:00:00,50.497,50.576,50.288,50.477,2429607,0
2016-02-24,20:00:00,50.483,50.636,50.368,50.436,2035136,0
2016-02-24,21:00:00,50.447,50.864,50.383,50.857,5623754,0
2016-02-24,22:00:00,50.864,51.142,50.825,51.003,9950518,0
2016-02-25,16:00:00,51.371,51.391,50.258,50.348,3893821,0
2016-02-25,17:00:00,50.338,50.914,50.288,50.745,3824515,0
2016-02-25,18:00:00,50.755,51.073,50.626,51.033,2644740,0
2016-02-25,19:00:00,51.038,51.053,50.682,50.8,2383627,0
2016-02-25,20:00:00,50.8,51.202,50.775,51.172,2008525,0
2016-02-25,21:00:00,51.172,51.649,50.993,51.088,2459885,0
2016-02-25,22:00:00,51.083,51.738,51.063,51.738,8072625,0
2016-02-26,16:00:00,52.235,52.314,51.639,51.688,3323054,0
2016-02-26,17:00:00,51.688,51.693,51.281,51.301,5510519,0
2016-02-26,18:00:00,51.311,51.311,50.775,50.944,4666104,0
2016-02-26,19:00:00,50.954,51.003,50.745,50.864,3015154,0
2016-02-26,20:00:00,50.864,50.964,50.765,50.909,3381281,0
2016-02-26,21:00:00,50.909,51.073,50.874,50.894,3220071,0
2016-02-26,22:00:00,50.894,51.103,50.884,50.944,10390676,0
2016-02-29,16:00:00,50.993,51.023,50.646,50.844,1964867,0
2016-02-29,17:00:00,50.835,50.969,50.656,50.947,2687966,0
2016-02-29,18:00:00,50.945,51.291,50.894,51.147,2249247,0
2016-02-29,19:00:00,51.152,51.192,50.954,51.013,1514203,0
2016-02-29,20:00:00,51.023,51.108,50.854,50.964,1566109,0
2016-02-29,21:00:00,50.959,50.964,50.477,50.512,3122382,0
2016-02-29,22:00:00,50.507,50.566,50.308,50.527,12475667,0
2016-03-01,16:00:00,50.616,50.844,50.566,50.815,2932306,0
2016-03-01,17:00:00,50.815,51.252,50.775,51.137,5441481,0
2016-03-01,18:00:00,51.142,51.808,51.023,51.716,5340432,0
2016-03-01,19:00:00,51.713,51.996,51.659,51.996,2824771,0
2016-03-01,20:00:00,51.986,52.215,51.836,52.111,2807713,0
2016-03-01,21:00:00,52.115,52.155,51.808,52.021,2750612,0
2016-03-01,22:00:00,52.016,52.225,51.837,52.215,5892825,0
2016-03-02,16:00:00,52.046,52.294,51.793,51.897,2534686,0
2016-03-02,17:00:00,51.897,52.185,51.798,52.106,3833736,0
2016-03-02,18:00:00,52.096,52.175,51.837,51.967,3227998,0
2016-03-02,19:00:00,51.967,52.115,51.907,52.081,2431960,0
2016-03-02,20:00:00,52.086,52.26,51.937,52.046,1915663,0
2016-03-02,21:00:00,52.036,52.384,52.036,52.369,2342709,0
2016-03-02,22:00:00,52.364,52.592,52.284,52.582,10546454,0
2016-03-03,16:00:00,52.602,52.602,52.086,52.12,1690676,0
2016-03-03,17:00:00,52.125,52.145,51.544,51.579,4860056,0
2016-03-03,18:00:00,51.579,51.639,51.42,51.619,3002885,0
2016-03-03,19:00:00,51.629,51.718,51.44,51.559,2172213,0
2016-03-03,20:00:00,51.554,51.897,51.554,51.793,2659712,0
2016-03-03,21:00:00,51.798,52.016,51.703,51.983,2531403,0
2016-03-03,22:00:00,51.986,52.066,51.808,51.986,5068983,0
2016-03-04,16:00:00,52.036,52.086,51.351,51.574,3872388,0
2016-03-04,17:00:00,51.579,51.778,51.391,51.629,4329052,0
2016-03-04,18:00:00,51.629,51.778,51.47,51.604,4397612,0
2016-03-04,19:00:00,51.609,51.708,51.5,51.669,3017703,0
2016-03-04,20:00:00,51.659,51.837,51.579,51.793,3463460,0
2016-03-04,21:00:00,51.791,51.877,51.549,51.579,2450925,0
2016-03-04,22:00:00,51.579,51.698,51.44,51.669,8801519,0
2016-03-07,16:00:00,51.202,51.44,50.944,50.993,3103027,0
2016-03-07,17:00:00,50.993,51.138,50.656,50.705,5002417,0
2016-03-07,18:00:00,50.705,50.904,50.447,50.795,5564154,0
2016-03-07,19:00:00,50.805,51.073,50.725,50.914,2487328,0
2016-03-07,20:00:00,50.914,51.053,50.566,50.636,3951409,0
2016-03-07,21:00:00,50.636,50.755,50.249,50.352,5361327,0
2016-03-07,22:00:00,50.348,50.695,50.229,50.676,9877751,0
2016-03-08,16:00:00,50.447,51.271,50.244,51.148,4368824,0
2016-03-08,17:00:00,51.142,51.391,50.834,51.043,4084683,0
2016-03-08,18:00:00,51.043,51.44,50.944,51.42,3483153,0
2016-03-08,19:00:00,51.42,51.718,51.381,51.47,3847272,0
2016-03-08,20:00:00,51.47,51.768,51.46,51.708,2584317,0
2016-03-08,21:00:00,51.698,51.728,51.386,51.44,2374602,0
2016-03-08,22:00:00,51.435,51.559,51.222,51.291,10066715,0
2016-03-09,16:00:00,51.53,51.857,51.495,51.793,2145808,0
2016-03-09,17:00:00,51.778,52.274,51.679,51.932,4345738,0
2016-03-09,18:00:00,51.927,52.403,51.927,52.318,3266665,0
2016-03-09,19:00:00,52.314,52.354,52.135,52.175,2294657,0
2016-03-09,20:00:00,52.175,52.308,52.026,52.264,2468726,0
2016-03-09,21:00:00,52.255,52.473,52.245,52.423,3283361,0
2016-03-09,22:00:00,52.423,52.483,52.195,52.473,7644813,0
2016-03-10,16:00:00,52.453,52.572,52.165,52.364,4129583,0
2016-03-10,17:00:00,52.369,52.423,51.664,51.688,5115039,0
2016-03-10,18:00:00,51.688,51.808,51.44,51.599,5222524,0
2016-03-10,19:00:00,51.589,51.728,50.909,51.053,4718735,0
2016-03-10,20:00:00,51.043,51.142,50.805,50.954,4011577,0
2016-03-10,21:00:00,50.957,51.599,50.864,51.46,3901162,0
2016-03-10,22:00:00,51.455,51.788,51.341,51.688,8280275,0
2016-03-11,16:00:00,52.632,52.632,52.155,52.289,4523970,0
2016-03-11,17:00:00,52.289,52.473,52.016,52.403,5211018,0
2016-03-11,18:00:00,52.403,52.562,52.344,52.493,3322762,0
2016-03-11,19:00:00,52.493,52.552,52.394,52.432,2423619,0
2016-03-11,20:00:00,52.423,52.483,52.259,52.433,1792060,0
2016-03-11,21:00:00,52.433,52.528,52.354,52.364,2303384,0
2016-03-11,22:00:00,52.364,52.701,52.334,52.701,10757300,0
2016-03-14,15:00:00,52.344,52.662,52.264,52.493,2715589,0
2016-03-14,16:00:00,52.493,52.761,52.384,52.602,2891817,0
2016-03-14,17:00:00,52.602,53.039,52.592,52.94,2985859,0
2016-03-14,18:00:00,52.939,53.218,52.9,53.004,2429572,0
2016-03-14,19:00:00,53.009,53.024,52.821,52.85,1622521,0
2016-03-14,20:00:00,52.84,52.979,52.711,52.885,1871775,0
2016-03-14,21:00:00,52.885,53.069,52.791,52.801,6758827,0
2016-03-15,15:00:00,52.384,52.632,52.374,52.493,1828151,0
2016-03-15,16:00:00,52.483,53.004,52.403,52.999,2681584,0
2016-03-15,17:00:00,52.995,53.109,52.701,52.721,2150330,0
2016-03-15,18:00:00,52.731,52.984,52.721,52.736,1767428,0
2016-03-15,19:00:00,52.736,52.979,52.602,52.94,1817025,0
2016-03-15,20:00:00,52.95,53.069,52.88,53.044,2476083,0
2016-03-15,21:00:00,53.049,53.218,52.93,53.218,6275850,0
2016-03-16,15:00:00,53.079,53.277,53.029,53.198,2080855,0
2016-03-16,16:00:00,53.198,53.455,53.094,53.416,3291767,0
2016-03-16,17:00:00,53.409,53.933,53.382,53.635,3917537,0
2016-03-16,18:00:00,53.635,53.685,53.228,53.312,2209060,0
2016-03-16,19:00:00,53.307,53.506,53.257,53.486,1774270,0
2016-03-16,20:00:00,53.496,54.062,53.486,53.759,4880651,0
2016-03-16,21:00:00,53.759,54.221,53.754,53.972,11153991,0
2016-03-17,15:00:00,53.833,54.082,53.625,53.997,2988788,0
2016-03-17,16:00:00,53.992,54.34,53.863,54.3,3359059,0
2016-03-17,17:00:00,54.3,54.439,54.191,54.429,3509596,0
2016-03-17,18:00:00,54.439,54.618,54.34,54.568,2876282,0
2016-03-17,19:00:00,54.578,54.583,54.171,54.395,2027203,0
2016-03-17,20:00:00,54.39,54.419,54.221,54.236,2559975,0
2016-03-17,21:00:00,54.241,54.539,54.241,54.28,8228700,0
2016-03-18,15:00:00,54.539,54.588,53.426,53.654,16966030,0
2016-03-18,16:00:00,53.645,53.843,53.436,53.642,5687530,0
2016-03-18,17:00:00,53.64,53.972,53.625,53.774,4060811,0
2016-03-18,18:00:00,53.774,53.789,53.481,53.685,3303294,0
2016-03-18,19:00:00,53.68,53.685,53.094,53.203,4212290,0
2016-03-18,20:00:00,53.208,53.317,53.074,53.248,3312909,0
2016-03-18,21:00:00,53.243,53.524,53.109,53.118,8408332,0
2016-03-21,15:00:00,52.88,53.267,52.562,53.153,3591567,0
2016-03-21,16:00:00,53.158,53.228,52.781,53.059,3094067,0
2016-03-21,17:00:00,53.059,53.387,53.049,53.254,2387071,0
2016-03-21,18:00:00,53.248,53.297,52.93,53.059,2123752,0
2016-03-21,19:00:00,53.059,53.377,53.019,53.362,2175222,0
2016-03-21,20:00:00,53.367,53.555,53.228,53.486,2753681,0
2016-03-21,21:00:00,53.486,53.55,53.347,53.486,5893195,0
2016-03-22,15:00:00,53.238,53.456,53.089,53.168,2753187,0
2016-03-22,16:00:00,53.163,53.476,53.158,53.431,2907701,0
2016-03-22,17:00:00,53.426,53.585,53.287,53.392,2047805,0
2016-03-22,18:00:00,53.387,53.744,53.377,53.694,1456710,0
2016-03-22,19:00:00,53.694,53.794,53.62,53.734,1681952,0
2016-03-22,20:00:00,53.734,53.873,53.675,53.759,2236930,0
2016-03-22,21:00:00,53.754,53.819,53.64,53.694,7054168,0
2016-03-23,15:00:00,53.734,53.843,53.456,53.704,2498046,0
2016-03-23,16:00:00,53.704,53.863,53.456,53.516,3164204,0
2016-03-23,17:00:00,53.516,53.675,53.367,53.431,2346955,0
2016-03-23,18:00:00,53.434,53.709,53.406,53.625,1382399,0
2016-03-23,19:00:00,53.625,53.714,53.516,53.575,1122519,0
2016-03-23,20:00:00,53.58,53.66,53.367,53.426,1713619,0
2016-03-23,21:00:00,53.436,53.655,53.377,53.595,5991572,0
2016-03-24,15:00:00,53.466,53.804,53.357,53.794,2542234,0
2016-03-24,16:00:00,53.794,53.943,53.565,53.918,2042684,0
2016-03-24,17:00:00,53.903,53.953,53.754,53.903,1772051,0
2016-03-24,18:00:00,53.898,53.953,53.555,53.704,1753060,0
2016-03-24,19:00:00,53.694,53.784,53.668,53.744,895020,0
2016-03-24,20:00:00,53.724,53.843,53.685,53.784,1628167,0
2016-03-24,21:00:00,53.784,53.853,53.724,53.833,4978046,0
2016-03-28,16:00:00,53.833,53.913,53.332,53.406,1746514,0
2016-03-28,17:00:00,53.397,53.456,53.238,53.332,1793790,0
2016-03-28,18:00:00,53.337,53.436,53.228,53.307,1439069,0
2016-03-28,19:00:00,53.317,53.431,53.248,53.332,1494039,0
2016-03-28,20:00:00,53.334,53.334,53.109,53.208,1575012,0
2016-03-28,21:00:00,53.218,53.337,52.96,53.053,2064206,0
2016-03-28,22:00:00,53.049,53.198,53.009,53.168,5293227,0
2016-03-29,16:00:00,53.287,53.397,53.079,53.277,1562981,0
2016-03-29,17:00:00,53.277,53.774,53.238,53.734,2468419,0
2016-03-29,18:00:00,53.734,53.943,53.724,53.841,2313266,0
2016-03-29,19:00:00,53.843,54.419,53.814,54.315,3164619,0
2016-03-29,20:00:00,54.32,54.36,54.052,54.121,1829601,0
2016-03-29,21:00:00,54.131,54.479,54.092,54.345,2960309,0
2016-03-29,22:00:00,54.34,54.464,54.241,54.33,7308925,0
2016-03-30,16:00:00,54.548,55.115,54.519,55.11,3590080,0
2016-03-30,17:00:00,55.105,55.254,54.936,55.139,3845967,0
2016-03-30,18:00:00,55.144,55.204,54.648,54.678,2945126,0
2016-03-30,19:00:00,54.678,54.747,54.558,54.742,1484795,0
2016-03-30,20:00:00,54.737,54.916,54.727,54.807,1688036,0
2016-03-30,21:00:00,54.807,54.866,54.707,54.861,1740116,0
2016-03-30,22:00:00,54.856,54.936,54.628,54.668,5664571,0
2016-03-31,16:00:00,54.568,54.797,54.479,54.747,4205636,0
2016-03-31,17:00:00,54.753,55.115,54.678,55.11,2224137,0
2016-03-31,18:00:00,55.114,55.204,54.906,54.925,2674004,0
2016-03-31,19:00:00,54.926,55.095,54.906,54.955,1835931,0
2016-03-31,20:00:00,54.951,54.975,54.866,54.881,1418775,0
2016-03-31,21:00:00,54.876,54.916,54.692,54.787,2091099,0
2016-03-31,22:00:00,54.787,55.015,54.757,54.846,8116791,0
2016-04-01,16:00:00,54.668,54.836,54.191,54.459,3118276,0
2016-04-01,17:00:00,54.459,54.975,54.424,54.966,3075585,0
2016-04-01,18:00:00,54.961,54.985,54.678,54.692,2725223,0
2016-04-01,19:00:00,54.692,54.747,54.479,54.727,1737035,0
2016-04-01,20:00:00,54.727,54.995,54.707,54.92,1725712,0
2016-04-01,21:00:00,54.926,55.139,54.896,54.99,1914284,0
2016-04-01,22:00:00,54.995,55.224,54.995,55.184,8567154,0
2016-04-04,16:00:00,55.045,55.273,54.817,54.9,2656714,0
2016-04-04,17:00:00,54.896,55.154,54.618,54.747,2620391,0
2016-04-04,18:00:00,54.737,55.105,54.717,55.06,2212363,0
2016-04-04,19:00:00,55.065,55.119,54.931,55.035,1121017,0
2016-04-04,20:00:00,55.035,55.035,54.876,54.881,928153,0
2016-04-04,21:00:00,54.896,54.916,54.777,54.886,1834867,0
2016-04-04,22:00:00,54.886,55.045,54.817,55.045,5951501,0
2016-04-05,16:00:00,54.807,54.916,54.33,54.424,2439156,0
2016-04-05,17:00:00,54.419,54.866,54.419,54.563,2531512,0
2016-04-05,18:00:00,54.558,54.687,54.409,54.469,1710603,0
2016-04-05,19:00:00,54.464,54.529,54.082,54.121,2315157,0
2016-04-05,20:00:00,54.121,54.499,54.112,54.419,1544769,0
2016-04-05,21:00:00,54.429,54.562,54.35,54.489,1646375,0
2016-04-05,22:00:00,54.492,54.509,54.092,54.181,5154671,0
2016-04-06,16:00:00,53.982,54.151,53.863,54.082,2929472,0
2016-04-06,17:00:00,54.082,54.241,53.833,54.231,3170055,0
2016-04-06,18:00:00,54.231,54.489,54.181,54.38,2199135,0
2016-04-06,19:00:00,54.38,54.424,54.29,54.36,1166364,0
2016-04-06,20:00:00,54.36,54.588,54.34,54.541,1545796,0
2016-04-06,21:00:00,54.539,54.598,54.419,54.568,1934973,0
2016-04-06,22:00:00,54.558,54.817,54.529,54.737,6447853,0
2016-04-07,16:00:00,54.489,54.529,54.231,54.463,1798091,0
2016-04-07,17:00:00,54.464,54.489,54.171,54.237,2529406,0
2016-04-07,18:00:00,54.241,54.27,53.992,54.141,1941706,0
2016-04-07,19:00:00,54.144,54.211,53.923,54.151,1493632,0
2016-04-07,20:00:00,54.151,54.27,53.938,53.997,1166161,0
2016-04-07,21:00:00,53.992,54.092,53.853,53.913,2452134,0
2016-04-07,22:00:00,53.903,54.131,53.868,54.082,5262862,0
2016-04-08,16:00:00,54.29,54.777,54.29,54.737,2275604,0
2016-04-08,17:00:00,54.756,54.896,54.454,54.459,3153567,0
2016-04-08,18:00:00,54.459,54.668,54.35,54.449,2066195,0
2016-04-08,19:00:00,54.442,54.494,54.112,54.211,2182526,0
2016-04-08,20:00:00,54.201,54.216,54.012,54.181,2461042,0
2016-04-08,21:00:00,54.191,54.33,54.012,54.141,2278142,0
2016-04-08,22:00:00,54.141,54.151,53.943,54.042,6451728,0
2016-04-11,16:00:00,54.112,54.588,54.062,54.558,2392652,0
2016-04-11,17:00:00,54.568,54.707,54.36,54.37,2548149,0
2016-04-11,18:00:00,54.37,54.489,54.241,54.4,2553039,0
2016-04-11,19:00:00,54.395,54.767,54.33,54.727,2022710,0
2016-04-11,20:00:00,54.717,54.767,54.558,54.588,1872004,0
2016-04-11,21:00:00,54.588,54.658,54.439,54.618,2004765,0
2016-04-11,22:00:00,54.613,54.613,53.923,53.933,6103111,0
2016-04-12,16:00:00,53.992,54.062,53.685,53.714,2739076,0
2016-04-12,17:00:00,53.709,53.833,53.387,53.744,4730808,0
2016-04-12,18:00:00,53.744,54.062,53.685,53.893,3595165,0
2016-04-12,19:00:00,53.903,54.201,53.898,54.141,2058411,0
2016-04-12,20:00:00,54.137,54.141,53.948,54.121,1841824,0
2016-04-12,21:00:00,54.131,54.279,53.694,54.192,2315829,0
2016-04-12,22:00:00,54.191,54.4,54.115,54.27,5056267,0
2016-04-13,16:00:00,54.737,54.936,54.548,54.827,2606396,0
2016-04-13,17:00:00,54.836,54.906,54.593,54.608,2602407,0
2016-04-13,18:00:00,54.608,54.827,54.568,54.722,2245370,0
2016-04-13,19:00:00,54.722,54.762,54.613,54.618,1523469,0
2016-04-13,20:00:00,54.618,54.707,54.509,54.678,2158111,0
2016-04-13,21:00:00,54.678,54.856,54.638,54.812,1673981,0
2016-04-13,22:00:00,54.807,55.052,54.797,54.966,5522979,0
2016-04-14,16:00:00,54.836,55.075,54.727,54.846,2590279,0
2016-04-14,17:00:00,54.856,54.995,54.687,54.966,2243682,0
2016-04-14,18:00:00,54.956,55.189,54.876,55.124,2429979,0
2016-04-14,19:00:00,55.124,55.128,54.846,55.01,1819339,0
2016-04-14,20:00:00,55,55.085,54.896,55.035,1806329,0
2016-04-14,21:00:00,55.035,55.179,54.975,55.095,2070655,0
2016-04-14,22:00:00,55.1,55.164,54.896,54.975,6381260,0
2016-04-15,16:00:00,54.916,55.402,54.727,55.373,6168528,0
2016-04-15,17:00:00,55.383,55.532,55.338,55.407,3357684,0
2016-04-15,18:00:00,55.402,55.417,55.293,55.343,2326754,0
2016-04-15,19:00:00,55.353,55.422,55.308,55.363,1452735,0
2016-04-15,20:00:00,55.363,55.373,55.105,55.134,1728031,0
2016-04-15,21:00:00,55.138,55.184,55.005,55.08,2294178,0
2016-04-15,22:00:00,55.082,55.303,55.035,55.263,7963072,0
2016-04-18,16:00:00,55.105,55.358,54.827,55.323,1584366,0
2016-04-18,17:00:00,55.323,55.859,55.313,55.796,3033353,0
2016-04-18,18:00:00,55.79,55.8,55.591,55.661,2078361,0
2016-04-18,19:00:00,55.661,56.197,55.661,55.959,4222453,0
2016-04-18,20:00:00,55.959,56.088,55.839,56.078,2053507,0
2016-04-18,21:00:00,56.078,56.157,56.048,56.108,2225707,0
2016-04-18,22:00:00,56.108,56.162,56.028,56.068,5902132,0
2016-04-19,16:00:00,56.237,56.376,55.293,55.621,5889061,0
2016-04-19,17:00:00,55.621,55.889,55.611,55.864,4362195,0
2016-04-19,18:00:00,55.859,55.998,55.611,55.616,2402195,0
2016-04-19,19:00:00,55.621,55.879,55.611,55.854,2292915,0
2016-04-19,20:00:00,55.859,55.993,55.81,55.993,1730926,0
2016-04-19,21:00:00,55.993,56.108,55.899,55.944,2115982,0
2016-04-19,22:00:00,55.944,56.008,55.815,55.998,5730699,0
2016-04-20,16:00:00,55.899,56.108,55.661,55.869,3204413,0
2016-04-20,17:00:00,55.864,55.869,55.546,55.641,4487488,0
2016-04-20,18:00:00,55.646,55.78,55.571,55.71,3567728,0
2016-04-20,19:00:00,55.71,55.77,55.611,55.7,1965811,0
2016-04-20,20:00:00,55.697,55.73,55.591,55.611,3301158,0
2016-04-20,21:00:00,55.611,55.72,55.482,55.542,4539050,0
2016-04-20,22:00:00,55.542,55.641,55.1,55.204,11177670,0
2016-04-21,16:00:00,55.412,55.621,55.03,55.119,4926512,0
2016-04-21,17:00:00,55.124,55.725,55.115,55.661,4531991,0
2016-04-21,18:00:00,55.661,55.839,55.487,55.492,4243675,0
2016-04-21,19:00:00,55.497,55.517,55.244,55.467,3469035,0
2016-04-21,20:00:00,55.467,55.601,55.298,55.442,3516088,0
2016-04-21,21:00:00,55.436,55.492,55.234,55.462,3726102,0
2016-04-21,22:00:00,55.462,55.581,55.323,55.393,8039702,0
2016-04-22,16:00:00,51.549,5185.73,51.242,51.371,22764834,0
2016-04-22,17:00:00,51.366,51.391,50.417,51.202,28187397,0
2016-04-22,18:00:00,51.202,51.862,51.063,51.738,18118827,0
2016-04-22,19:00:00,51.738,51.788,51.202,51.351,9566247,0
2016-04-22,20:00:00,51.341,51.748,51.291,51.54,8205741,0
2016-04-22,21:00:00,51.539,51.728,51.43,51.634,7220469,0
2016-04-22,22:00:00,51.639,51.644,51.252,51.42,20723966,0
2016-04-25,16:00:00,51.42,51.639,51.271,51.639,4852720,0
2016-04-25,17:00:00,51.634,51.738,51.45,51.47,6452349,0
2016-04-25,18:00:00,51.469,51.609,51.341,51.48,3778785,0
2016-04-25,19:00:00,51.481,51.654,51.42,51.583,2899247,0
2016-04-25,20:00:00,51.589,51.599,51.48,51.52,2424514,0
2016-04-25,21:00:00,51.52,51.659,51.44,51.624,3234994,0
2016-04-25,22:00:00,51.629,51.768,51.51,51.748,6800754,0
2016-04-26,16:00:00,51.897,51.986,51.42,51.45,3452646,0
2016-04-26,17:00:00,51.45,51.579,51.003,51.122,4672956,0
2016-04-26,18:00:00,51.132,51.252,50.964,51.088,3469954,0
2016-04-26,19:00:00,51.088,51.192,50.954,50.959,2729455,0
2016-04-26,20:00:00,50.964,51.053,50.864,50.864,3197130,0
2016-04-26,21:00:00,50.87,50.914,50.735,50.829,4121855,0
2016-04-26,22:00:00,50.825,51.083,50.805,51.083,9749605,0
2016-04-27,16:00:00,51.122,51.142,50.715,50.74,4436627,0
2016-04-27,17:00:00,50.745,50.795,50.199,50.452,7699269,0
2016-04-27,18:00:00,50.457,50.681,50.338,50.616,4418367,0
2016-04-27,19:00:00,50.616,50.616,50.348,50.52,3413690,0
2016-04-27,20:00:00,50.522,50.546,50.229,50.348,3831717,0
2016-04-27,21:00:00,50.363,50.586,50.209,50.348,5607189,0
2016-04-27,22:00:00,50.348,50.745,50.313,50.586,10939103,0
2016-04-28,16:00:00,50.268,50.417,50.01,50.229,3869597,0
2016-04-28,17:00:00,50.224,50.258,49.951,50.149,4414804,0
2016-04-28,18:00:00,50.149,50.308,50.139,50.219,2348634,0
2016-04-28,19:00:00,50.209,50.268,49.911,49.936,3289744,0
2016-04-28,20:00:00,49.941,49.961,49.742,49.802,4408625,0
2016-04-28,21:00:00,49.807,49.911,49.603,49.722,4632387,0
2016-04-28,22:00:00,49.727,49.737,49.216,49.583,14185474,0
2016-04-29,16:00:00,49.007,49.752,49.007,49.469,7050756,0
2016-04-29,17:00:00,49.469,49.752,49.216,49.583,8438648,0
2016-04-29,18:00:00,49.578,49.623,49.385,49.543,6141214,0
2016-04-29,19:00:00,49.534,49.727,49.484,49.635,4363813,0
2016-04-29,20:00:00,49.639,49.901,49.573,49.633,3921266,0
2016-04-29,21:00:00,49.633,49.702,49.434,49.469,3737741,0
2016-04-29,22:00:00,49.464,49.692,49.365,49.534,8258998,0
2016-05-02,16:00:00,49.653,49.762,49.434,49.563,3452180,0
2016-05-02,17:00:00,49.563,49.851,49.514,49.57,5247619,0
2016-05-02,18:00:00,49.572,49.692,49.504,49.563,2990438,0
2016-05-02,19:00:00,49.563,49.722,49.504,49.683,3209774,0
2016-05-02,20:00:00,49.683,50.239,49.623,50.159,5001388,0
2016-05-02,21:00:00,50.159,50.393,50.139,50.363,3956358,0
2016-05-02,22:00:00,50.363,50.398,50.169,50.258,7904381,0
2016-05-03,16:00:00,49.99,50.06,49.524,49.702,2783458,0
2016-05-03,17:00:00,49.696,49.742,49.375,49.583,4042980,0
2016-05-03,18:00:00,49.583,49.678,49.365,49.424,2807084,0
2016-05-03,19:00:00,49.414,49.613,49.295,49.563,2495394,0
2016-05-03,20:00:00,49.563,49.702,49.484,49.613,2539412,0
2016-05-03,21:00:00,49.613,49.658,49.375,49.469,2710611,0
2016-05-03,22:00:00,49.474,49.524,49.255,49.434,7202829,0
2016-05-04,16:00:00,49.494,49.553,49.116,49.404,2876698,0
2016-05-04,17:00:00,49.395,49.648,49.275,49.484,3472554,0
2016-05-04,18:00:00,49.489,49.613,49.345,49.603,2360422,0
2016-05-04,19:00:00,49.596,49.712,49.534,49.623,2448596,0
2016-05-04,20:00:00,49.623,49.702,49.524,49.529,2547631,0
2016-05-04,21:00:00,49.534,49.638,49.454,49.503,2253470,0
2016-05-04,22:00:00,49.494,49.663,49.434,49.524,6756604,0
2016-05-05,16:00:00,49.524,49.702,49.385,49.434,2854305,0
2016-05-05,17:00:00,49.434,49.742,49.402,49.732,3530256,0
2016-05-05,18:00:00,49.742,49.951,49.702,49.802,2647330,0
2016-05-05,19:00:00,49.802,49.812,49.638,49.685,1743959,0
2016-05-05,20:00:00,49.683,49.702,49.509,49.593,2275425,0
2016-05-05,21:00:00,49.593,49.692,49.534,49.579,2121162,0
2016-05-05,22:00:00,49.573,49.643,49.469,49.593,8062548,0
2016-05-06,16:00:00,49.573,49.653,49.404,49.527,3244223,0
2016-05-06,17:00:00,49.534,49.608,49.375,49.428,3962673,0
2016-05-06,18:00:00,49.424,49.534,49.315,49.414,2622452,0
2016-05-06,19:00:00,49.409,49.534,49.35,49.534,1888829,0
2016-05-06,20:00:00,49.534,49.856,49.514,49.851,2322058,0
2016-05-06,21:00:00,49.861,49.98,49.762,49.896,2854987,0
2016-05-06,22:00:00,49.896,50.04,49.822,50.04,6339306,0
2016-05-09,16:00:00,50.139,50.229,50.01,50.209,2208036,0
2016-05-09,17:00:00,50.204,50.234,49.732,49.747,2652941,0
2016-05-09,18:00:00,49.762,49.995,49.653,49.871,2242983,0
2016-05-09,19:00:00,49.871,49.961,49.812,49.846,1458874,0
2016-05-09,20:00:00,49.841,49.901,49.802,49.807,1335145,0
2016-05-09,21:00:00,49.808,49.956,49.721,49.946,1709916,0
2016-05-09,22:00:00,49.941,49.951,49.712,49.722,4597976,0
2016-05-10,16:00:00,49.98,50.219,49.841,50.03,2420900,0
2016-05-10,17:00:00,50.03,50.298,49.99,50.232,2587689,0
2016-05-10,18:00:00,50.229,50.328,50.12,50.318,2066124,0
2016-05-10,19:00:00,50.313,50.497,50.313,50.487,2120147,0
2016-05-10,20:00:00,50.487,50.556,50.437,50.537,1922325,0
2016-05-10,21:00:00,50.537,50.636,50.482,50.487,2787837,0
2016-05-10,22:00:00,50.492,50.745,50.472,50.666,6983424,0
2016-05-11,16:00:00,50.775,51.202,50.666,51.162,3214078,0
2016-05-11,17:00:00,51.156,51.42,50.894,51.386,3957164,0
2016-05-11,18:00:00,51.391,51.391,50.983,51.013,2968975,0
2016-05-11,19:00:00,51.003,51.137,50.904,50.914,1532394,0
2016-05-11,20:00:00,50.914,50.986,50.715,50.725,1613588,0
2016-05-11,21:00:00,50.725,50.805,50.646,50.676,1973710,0
2016-05-11,22:00:00,50.685,50.775,50.646,50.695,3765298,0
2016-05-12,16:00:00,50.844,51.122,50.844,50.973,2294389,0
2016-05-12,17:00:00,50.973,51.16,50.969,51.053,3113694,0
2016-05-12,18:00:00,51.053,51.073,50.626,50.666,2798062,0
2016-05-12,19:00:00,50.661,50.854,50.566,50.844,1687674,0
2016-05-12,20:00:00,50.851,51.083,50.755,51.083,1931601,0
2016-05-12,21:00:00,51.083,51.45,51.073,51.341,3201567,0
2016-05-12,22:00:00,51.331,51.341,51.085,51.152,7250394,0
2016-05-13,16:00:00,51.083,51.5,51.023,51.4,2190226,0
2016-05-13,17:00:00,51.4,51.535,51.242,51.301,2561348,0
2016-05-13,18:00:00,51.301,51.45,51.207,51.212,2476406,0
2016-05-13,19:00:00,51.222,51.376,51.182,51.212,1920461,0
2016-05-13,20:00:00,51.212,51.321,50.964,50.993,2423411,0
2016-05-13,21:00:00,50.983,51.013,50.685,50.795,2720011,0
2016-05-13,22:00:00,50.795,50.904,50.705,50.725,6221623,0
2016-05-16,16:00:00,50.447,50.904,50.398,50.834,1884291,0
2016-05-16,17:00:00,50.844,51.003,50.646,50.983,1869915,0
2016-05-16,18:00:00,50.983,51.261,50.983,51.214,1937036,0
2016-05-16,19:00:00,51.222,51.261,51.142,51.232,1193109,0
2016-05-16,20:00:00,51.242,51.4,51.207,51.326,1522239,0
2016-05-16,21:00:00,51.331,51.589,51.331,51.53,2101475,0
2016-05-16,22:00:00,51.54,51.599,51.44,51.47,4063281,0
2016-05-17,16:00:00,51.72,51.73,51.055,51.12,2826510,0
2016-05-17,17:00:00,51.13,51.13,50.75,50.93,3338785,0
2016-05-17,18:00:00,50.9224,51.01,50.81,50.8908,2057103,0
2016-05-17,19:00:00,50.89,50.92,50.67,50.76,1734306,0
2016-05-17,20:00:00,50.76,50.9,50.63,50.64,1965549,0
2016-05-17,21:00:00,50.645,50.675,50.44,50.565,3727713,0
2016-05-17,22:00:00,50.57,50.64,50.36,50.51,9111382,0
2016-05-18,16:00:00,50.48,50.55,50.3,50.385,1874443,0
2016-05-18,17:00:00,50.385,50.96,50.36,50.81,2850451,0
2016-05-18,18:00:00,50.81,51.04,50.79,50.8846,2263347,0
2016-05-18,19:00:00,50.885,50.92,50.73,50.89,1184222,0
2016-05-18,20:00:00,50.9,51.14,50.9,51.04,1466619,0
2016-05-18,21:00:00,51.03,51.03,50.39,50.685,4010239,0
2016-05-18,22:00:00,50.7,50.83,50.5,50.81,5259133,0
2016-05-19,16:00:00,50.47,50.62,49.94,49.95,3153367,0
2016-05-19,17:00:00,49.9495,50.08,49.84,49.95,5284572,0
2016-05-19,18:00:00,49.96,50.015,49.82,49.96,3368161,0
2016-05-19,19:00:00,49.96,50.07,49.89,49.94,1722294,0
2016-05-19,20:00:00,49.94,50.23,49.92,50.08,1818543,0
2016-05-19,21:00:00,50.08,50.27,50.05,50.065,1906683,0
2016-05-19,22:00:00,50.07,50.37,50.065,50.32,4852509,0
2016-05-20,16:00:00,50.48,50.96,50.4,50.96,4691302,0
2016-05-20,17:00:00,50.97,51.22,50.83,51.13,4179847,0
2016-05-20,18:00:00,51.12,51.18,50.96,51.125,1952647,0
2016-05-20,19:00:00,51.12,51.13,50.91,50.92,1538832,0
2016-05-20,20:00:00,50.92,50.97,50.74,50.77,1473033,0
2016-05-20,21:00:00,50.769,50.8,50.64,50.67,1913181,0
2016-05-20,22:00:00,50.67,50.68,50.495,50.62,5405704,0
2016-05-23,16:00:00,50.6,50.68,50.33,50.47,2639359,0
2016-05-23,17:00:00,50.465,50.5499,50.18,50.2,3554365,0
2016-05-23,18:00:00,50.2,50.33,50.17,50.22,2146721,0
2016-05-23,19:00:00,50.22,50.25,50.15,50.18,1993628,0
2016-05-23,20:00:00,50.18,50.25,50.12,50.2,2245048,0
2016-05-23,21:00:00,50.2,50.28,50.18,50.195,2322580,0
2016-05-23,22:00:00,50.195,50.22,49.98,50.03,7538446,0
2016-05-24,16:00:00,50.7,50.74,50.4,50.67,6221972,0
2016-05-24,17:00:00,50.68,51.3,50.675,51.235,6444400,0
2016-05-24,18:00:00,51.24,51.48,51.23,51.47,3238381,0
2016-05-24,19:00:00,51.4699,51.55,51.37,51.545,2178033,0
2016-05-24,20:00:00,51.5415,51.71,51.45,51.5265,2788477,0
2016-05-24,21:00:00,51.53,51.61,51.42,51.535,2836679,0
2016-05-24,22:00:00,51.535,51.71,51.47,51.59,5652989,0
2016-05-25,16:00:00,51.92,52.2,51.79,52.13,3329537,0
2016-05-25,17:00:00,52.13,52.31,52.065,52.205,3507436,0
2016-05-25,18:00:00,52.21,52.3,52.11,52.18,2628229,0
2016-05-25,19:00:00,52.18,52.35,52.17,52.345,1787636,0
2016-05-25,20:00:00,52.34,52.49,52.315,52.39,2939888,0
2016-05-25,21:00:00,52.39,52.47,52.26,52.27,1897839,0
2016-05-25,22:00:00,52.2799,52.37,52.11,52.14,4566125,0
2016-05-26,16:00:00,51.93,51.97,51.38,51.395,3865983,0
2016-05-26,17:00:00,51.4,51.77,51.36,51.55,3556296,0
2016-05-26,18:00:00,51.54,51.8784,51.53,51.73,2274326,0
2016-05-26,19:00:00,51.7234,51.77,51.67,51.69,1494689,0
2016-05-26,20:00:00,51.695,51.735,51.62,51.69,2253293,0
2016-05-26,21:00:00,51.68,51.84,51.67,51.8301,2513900,0
2016-05-26,22:00:00,51.84,51.9793,51.82,51.89,6272227,0
2016-05-27,16:00:00,51.92,52.06,51.77,51.985,1803567,0
2016-05-27,17:00:00,51.98,52.06,51.82,51.97,1799764,0
2016-05-27,18:00:00,51.96,52.215,51.95,52.15,1558294,0
2016-05-27,19:00:00,52.145,52.3,52.12,52.21,1290236,0
2016-05-27,20:00:00,52.205,52.27,52.11,52.15,1210038,0
2016-05-27,21:00:00,52.14,52.21,52.03,52.1728,1411322,0
2016-05-27,22:00:00,52.175,52.31,52.07,52.31,4577703,0
2016-05-31,16:00:00,52.26,52.44,52.095,52.3701,2196381,0
2016-05-31,17:00:00,52.38,52.59,52.25,52.38,2501363,0
2016-05-31,18:00:00,52.37,52.39,52.22,52.29,1717524,0
2016-05-31,19:00:00,52.28,52.33,52.22,52.235,1871839,0
2016-05-31,20:00:00,52.2307,52.4,52.2,52.33,1077699,0
2016-05-31,21:00:00,52.32,52.32,52.12,52.14,2523302,0
2016-05-31,22:00:00,52.14,53,52.08,53,18567985,0
2016-06-01,16:00:00,52.44,52.76,52.44,52.7025,2210373,0
2016-06-01,17:00:00,52.685,52.9,52.67,52.87,3170251,0
2016-06-01,18:00:00,52.87,52.95,52.59,52.685,2761491,0
2016-06-01,19:00:00,52.69,52.82,52.65,52.8064,1940894,0
2016-06-01,20:00:00,52.8,52.83,52.55,52.605,1506670,0
2016-06-01,21:00:00,52.6,52.89,52.54,52.81,2800968,0
2016-06-01,22:00:00,52.81,52.94,52.74,52.86,6494129,0
2016-06-02,16:00:00,52.64,52.74,51.85,51.865,3972494,0
2016-06-02,17:00:00,51.86,52.315,51.835,52.29,3827859,0
2016-06-02,18:00:00,52.295,52.4,52.16,52.27,2366667,0
2016-06-02,19:00:00,52.27,52.31,52.125,52.3,1499685,0
2016-06-02,20:00:00,52.3,52.44,52.28,52.3843,1389954,0
2016-06-02,21:00:00,52.39,52.48,52.35,52.4,1513622,0
2016-06-02,22:00:00,52.4,52.48,52.32,52.48,6278141,0
2016-06-03,16:00:00,52.38,52.42,51.89,51.89,2628092,0
2016-06-03,17:00:00,51.89,51.92,51.6,51.83,3597179,0
2016-06-03,18:00:00,51.84,51.995,51.7,51.955,2241407,0
2016-06-03,19:00:00,51.96,51.985,51.73,51.74,1491228,0
2016-06-03,20:00:00,51.74,51.82,51.68,51.76,1635386,0
2016-06-03,21:00:00,51.76,51.92,51.71,51.865,2222681,0
2016-06-03,22:00:00,51.86,51.93,51.7,51.79,7549501,0
2016-06-06,16:00:00,51.99,52.27,51.89,52.1438,1851135,0
2016-06-06,17:00:00,52.15,52.19,52.04,52.15,1733474,0
2016-06-06,18:00:00,52.15,52.25,52.14,52.1736,1699885,0
2016-06-06,19:00:00,52.17,52.21,51.98,52.07,1533702,0
2016-06-06,20:00:00,52.07,52.29,52.05,52.28,1861414,0
2016-06-06,21:00:00,52.2701,52.35,52.16,52.167,2307424,0
2016-06-06,22:00:00,52.17,52.29,52.12,52.13,5254720,0
2016-06-07,16:00:00,52.24,52.62,52.22,52.575,1719461,0
2016-06-07,17:00:00,52.5798,52.7,52.48,52.685,2729528,0
2016-06-07,18:00:00,52.68,52.73,52.405,52.445,2056325,0
2016-06-07,19:00:00,52.4401,52.52,52.39,52.5101,1285336,0
2016-06-07,20:00:00,52.515,52.53,52.38,52.395,1398935,0
2016-06-07,21:00:00,52.3936,52.425,52.27,52.321,1656695,0
2016-06-07,22:00:00,52.32,52.355,52.1,52.1,7142561,0
2016-06-08,16:00:00,52.02,52.44,52,52.29,1795052,0
2016-06-08,17:00:00,52.285,52.295,51.87,52.03,3350617,0
2016-06-08,18:00:00,52.03,52.14,51.94,52.13,2768686,0
2016-06-08,19:00:00,52.13,52.23,52.075,52.155,1732911,0
2016-06-08,20:00:00,52.16,52.2,52.01,52.0495,1438709,0
2016-06-08,21:00:00,52.045,52.18,51.97,52.05,1988199,0
2016-06-08,22:00:00,52.05,52.1,51.97,52.04,5749777,0
2016-06-09,16:00:00,52,52,51.77,51.9032,1834394,0
2016-06-09,17:00:00,51.905,51.965,51.73,51.745,2739312,0
2016-06-09,18:00:00,51.745,51.78,51.58,51.6331,1890608,0
2016-06-09,19:00:00,51.635,51.74,51.49,51.725,1568564,0
2016-06-09,20:00:00,51.725,51.86,51.595,51.67,1602388,0
2016-06-09,21:00:00,51.6641,51.81,51.615,51.725,1560480,0
2016-06-09,22:00:00,51.7299,51.77,51.62,51.62,7762709,0
2016-06-10,16:00:00,51.05,51.52,51.04,51.463,2757507,0
2016-06-10,17:00:00,51.47,52.05,51.4442,51.92,4751372,0
2016-06-10,18:00:00,51.91,51.96,51.815,51.94,2459358,0
2016-06-10,19:00:00,51.93,51.953,51.73,51.735,1771294,0
2016-06-10,20:00:00,51.732,51.85,51.49,51.515,2130924,0
2016-06-10,21:00:00,51.51,51.53,51.27,51.28,3363409,0
2016-06-10,22:00:00,51.28,51.53,51.23,51.48,6777697,0
2016-06-13,16:00:00,49.58,49.95,49.06,49.75,20478142,0
2016-06-13,17:00:00,49.75,50.36,49.69,50.29,16576779,0
2016-06-13,18:00:00,50.295,50.715,49.95,49.99,10183636,0
2016-06-13,19:00:00,49.99,50.25,49.89,50.13,6484227,0
2016-06-13,20:00:00,50.13,50.19,49.96,50.075,4300737,0
2016-06-13,21:00:00,50.07,50.27,50.0199,50.045,3756418,0
2016-06-13,22:00:00,50.045,50.29,49.995,50.14,10242650,0
2016-06-14,16:00:00,49.9,50.1,49.8724,49.97,5652025,0
2016-06-14,17:00:00,49.97,50.02,49.6,49.6547,7160276,0
2016-06-14,18:00:00,49.66,49.78,49.57,49.695,5115433,0
2016-06-14,19:00:00,49.69,49.99,49.65,49.8266,3506529,0
2016-06-14,20:00:00,49.825,49.91,49.73,49.805,2958059,0
2016-06-14,21:00:00,49.8,49.91,49.68,49.7,3576300,0
2016-06-14,22:00:00,49.7,49.84,49.635,49.83,12000948,0
2016-06-15,16:00:00,49.78,50,49.75,49.875,3125759,0
2016-06-15,17:00:00,49.985,50.12,49.921,50.045,3102389,0
2016-06-15,18:00:00,50.05,50.12,49.75,49.93,2816330,0
2016-06-15,19:00:00,49.925,49.95,49.77,49.77,3057555,0
2016-06-15,20:00:00,49.77,49.99,49.69,49.93,2874398,0
2016-06-15,21:00:00,49.95,50.06,49.82,49.95,4134373,0
2016-06-15,22:00:00,49.95,50.0164,49.69,49.7,6910415,0
2016-06-16,16:00:00,49.52,49.77,49.5068,49.64,3040134,0
2016-06-16,17:00:00,49.645,49.76,49.6,49.685,4444362,0
2016-06-16,18:00:00,49.68,49.99,49.66,49.9,3995105,0
2016-06-16,19:00:00,49.9,50.3,49.87,50.2,3225741,0
2016-06-16,20:00:00,50.21,50.35,50.1,50.1268,2921378,0
2016-06-16,21:00:00,50.13,50.38,50.08,50.2032,3843662,0
2016-06-16,22:00:00,50.21,50.47,50.17,50.39,6271895,0
2016-06-17,16:00:00,50.41,50.43,49.93,50.055,10938265,0
2016-06-17,17:00:00,50.055,50.23,49.9,49.9128,3548634,0
2016-06-17,18:00:00,49.9135,50.05,49.82,49.97,4465852,0
2016-06-17,19:00:00,49.97,50.11,49.965,50.045,2138677,0
2016-06-17,20:00:00,50.05,50.28,49.96,50.245,2003017,0
2016-06-17,21:00:00,50.24,50.27,50.11,50.16,4668514,0
2016-06-17,22:00:00,50.16,50.22,50.09,50.13,7274249,0
2016-06-20,16:00:00,50.64,50.83,50.48,50.595,4737154,0
2016-06-20,17:00:00,50.595,50.645,50.43,50.485,6908545,0
2016-06-20,18:00:00,50.48,50.73,50.46,50.55,4236309,0
2016-06-20,19:00:00,50.5401,50.59,50.37,50.55,3140011,0
2016-06-20,20:00:00,50.54,50.65,50.47,50.59,2274363,0
2016-06-20,21:00:00,50.59,50.64,50.495,50.605,2597160,0
2016-06-20,22:00:00,50.6075,50.62,50.03,50.07,9371186,0
2016-06-21,16:00:00,50.2,50.69,50.16,50.675,3262885,0
2016-06-21,17:00:00,50.675,51.05,50.57,50.91,5879317,0
2016-06-21,18:00:00,50.905,51.18,50.88,51.1401,3265274,0
2016-06-21,19:00:00,51.145,51.26,51.03,51.055,2836826,0
2016-06-21,20:00:00,51.05,51.2,51.01,51.1536,2766122,0
2016-06-21,21:00:00,51.16,51.31,51.11,51.24,3541575,0
2016-06-21,22:00:00,51.23,51.43,51.12,51.19,7935655,0
2016-06-22,16:00:00,51.08,51.46,51.06,51.335,3170314,0
2016-06-22,17:00:00,51.33,51.35,51.11,51.305,4119840,0
2016-06-22,18:00:00,51.31,51.33,51.2,51.2135,3283862,0
2016-06-22,19:00:00,51.22,51.28,50.99,51.2397,2833001,0
2016-06-22,20:00:00,51.235,51.28,50.99,51.21,2335475,0
2016-06-22,21:00:00,51.2137,51.27,51.01,51.18,2667092,0
2016-06-22,22:00:00,51.17,51.2199,50.9525,51,5580103,0
2016-06-23,16:00:00,51.28,51.49,51.15,51.4799,3053063,0
2016-06-23,17:00:00,51.48,51.86,51.4,51.82,3810672,0
2016-06-23,18:00:00,51.805,52.06,51.8,52,3380622,0
2016-06-23,19:00:00,51.9962,52.05,51.89,51.95,2007589,0
2016-06-23,20:00:00,51.95,51.97,51.84,51.88,2259509,0
2016-06-23,21:00:00,51.88,51.89,51.74,51.79,2711109,0
2016-06-23,22:00:00,51.795,51.94,51.7,51.91,8877527,0
2016-06-24,16:00:00,49.81,50.76,49.75,50.68,8906389,0
2016-06-24,17:00:00,50.68,50.94,50.25,50.26,7927517,0
2016-06-24,18:00:00,50.265,50.35,49.95,50.06,6844986,0
2016-06-24,19:00:00,50.07,50.1,49.75,49.85,4943711,0
2016-06-24,20:00:00,49.845,50.135,49.77,49.945,4941159,0
2016-06-24,21:00:00,49.95,50.06,49.71,49.8699,6096659,0
2016-06-24,22:00:00,49.87,50.03,49.52,49.86,19140482,0
2016-06-27,16:00:00,49.1,49.12,48.845,49.05,5820337,0
2016-06-27,17:00:00,49.05,49.1466,48.51,48.53,6475080,0
2016-06-27,18:00:00,48.53,48.78,48.43,48.61,5605118,0
2016-06-27,19:00:00,48.61,48.68,48.42,48.59,3604401,0
2016-06-27,20:00:00,48.58,48.65,48.21,48.26,5135286,0
2016-06-27,21:00:00,48.26,48.35,48.09,48.15,6050314,0
2016-06-27,22:00:00,48.15,48.485,48.035,48.43,13906273,0
2016-06-28,16:00:00,48.92,49.25,48.67,49.14,5131212,0
2016-06-28,17:00:00,49.15,49.4,49.01,49.14,5068817,0
2016-06-28,18:00:00,49.145,49.21,48.92,49.1446,3333314,0
2016-06-28,19:00:00,49.15,49.37,49.01,49.365,6155877,0
2016-06-28,20:00:00,49.3699,49.38,49.11,49.145,2746720,0
2016-06-28,21:00:00,49.1432,49.38,48.95,49.295,3016338,0
2016-06-28,22:00:00,49.3,49.47,49.24,49.44,8632191,0
2016-06-29,16:00:00,49.91,50.1,49.8,50,3081419,0
2016-06-29,17:00:00,50.02,50.16,49.92,50.015,3035816,0
2016-06-29,18:00:00,50.015,50.35,50.005,50.34,2926503,0
2016-06-29,19:00:00,50.34,50.53,50.3,50.51,2947075,0
2016-06-29,20:00:00,50.515,50.55,50.4,50.545,2501534,0
2016-06-29,21:00:00,50.5485,50.64,50.5,50.605,3130222,0
2016-06-29,22:00:00,50.605,50.72,50.47,50.54,9599246,0
