Date,Time,Open,High,Low,Close,Volume,OpenInt
2015-12-07,16:00:00,87.185,87.254,85.607,86.56,442210,0
2015-12-07,17:00:00,86.565,86.877,85.935,86.133,390536,0
2015-12-07,18:00:00,86.113,86.679,85.616,86.609,260474,0
2015-12-07,19:00:00,86.56,86.877,86.243,86.342,308300,0
2015-12-07,20:00:00,86.351,86.51,85.855,86.084,278954,0
2015-12-07,21:00:00,86.074,86.322,85.617,85.627,253291,0
2015-12-07,22:00:00,85.647,86.055,85.449,85.965,558595,0
2015-12-08,16:00:00,84.715,85.687,83.794,85.341,401255,0
2015-12-08,17:00:00,85.341,86.302,85.321,85.925,389332,0
2015-12-08,18:00:00,85.975,86.619,85.9,86.49,218659,0
2015-12-08,19:00:00,86.451,86.609,86.074,86.491,445894,0
2015-12-08,20:00:00,86.481,86.768,86.411,86.674,461677,0
2015-12-08,21:00:00,86.649,87.036,86.639,86.699,231037,0
2015-12-08,22:00:00,86.679,86.679,86.123,86.371,458399,0
2015-12-09,16:00:00,85.807,86.015,84.656,84.933,408969,0
2015-12-09,17:00:00,84.894,85.875,84.517,85.429,554709,0
2015-12-09,18:00:00,85.399,85.569,84.686,84.854,749376,0
2015-12-09,19:00:00,84.874,84.894,83.396,83.486,473858,0
2015-12-09,20:00:00,83.476,84.2,83.218,83.992,393147,0
2015-12-09,21:00:00,84.012,84.23,83.585,83.974,242050,0
2015-12-09,22:00:00,83.972,84.557,83.813,83.972,678536,0
2015-12-10,16:00:00,83.803,85.176,83.803,84.403,81926,0
2015-12-10,17:00:00,84.468,85.112,84.22,84.517,283439,0
2015-12-10,18:00:00,84.507,84.656,83.466,84.071,300863,0
2015-12-10,19:00:00,84.071,84.874,84.031,84.805,210152,0
2015-12-10,20:00:00,84.785,85.053,84.75,84.854,238553,0
2015-12-10,21:00:00,84.835,85.459,84.775,85.24,326544,0
2015-12-10,22:00:00,85.231,85.281,84.012,84.18,672272,0
2015-12-11,16:00:00,82.375,82.861,81.057,81.869,726475,0
2015-12-11,17:00:00,81.899,82.444,81.493,81.493,462724,0
2015-12-11,18:00:00,81.493,81.641,81.047,81.185,395985,0
2015-12-11,19:00:00,81.185,81.265,80.13,80.411,654121,0
2015-12-11,20:00:00,80.382,81.324,80.382,81.225,397309,0
2015-12-11,21:00:00,81.195,81.699,80.957,80.957,403898,0
2015-12-11,22:00:00,80.968,81.185,80.659,80.749,750167,0
2015-12-14,16:00:00,78.974,79.321,77.675,78.378,862492,0
2015-12-14,17:00:00,78.408,79.321,77.03,77.06,735535,0
2015-12-14,18:00:00,77.05,77.11,75.811,76.445,722413,0
2015-12-14,19:00:00,76.415,76.961,76.148,76.574,534521,0
2015-12-14,20:00:00,76.555,76.673,76.097,76.653,515214,0
2015-12-14,21:00:00,76.653,77.139,76.405,77.111,555641,0
2015-12-14,22:00:00,77.1,77.854,77.09,77.794,779807,0
2015-12-15,16:00:00,77.526,78.122,76.366,77.149,757541,0
2015-12-15,17:00:00,77.268,77.952,77.199,77.536,585553,0
2015-12-15,18:00:00,77.536,77.804,76.207,76.217,470292,0
2015-12-15,19:00:00,76.207,77.149,76.207,77.12,345560,0
2015-12-15,20:00:00,77.139,77.159,76.465,76.911,355207,0
2015-12-15,21:00:00,76.911,77.437,76.852,77.353,454247,0
2015-12-15,22:00:00,77.397,77.397,76.981,77.129,844744,0
2015-12-16,16:00:00,77.596,78.796,77.368,77.726,411687,0
2015-12-16,17:00:00,77.814,77.878,76.594,76.901,399539,0
2015-12-16,18:00:00,76.881,77.06,76.489,76.837,273491,0
2015-12-16,19:00:00,76.783,77.129,76.773,76.852,148941,0
2015-12-16,20:00:00,76.862,77.645,76.783,77.377,229270,0
2015-12-16,21:00:00,77.571,77.864,76.713,77.774,277188,0
2015-12-16,22:00:00,77.764,78.528,77.724,78.314,224251,0
2015-12-17,16:00:00,79.152,79.955,78.756,79.272,304676,0
2015-12-17,17:00:00,79.212,79.257,77.942,78.012,280654,0
2015-12-17,18:00:00,78.012,78.378,77.675,78.3,226671,0
2015-12-17,19:00:00,78.33,78.558,77.982,78.388,170358,0
2015-12-17,20:00:00,78.369,78.884,78.062,78.548,199266,0
2015-12-17,21:00:00,78.568,78.716,77.932,78.012,170183,0
2015-12-17,22:00:00,78.032,78.092,77.11,77.149,628888,0
2015-12-18,16:00:00,76.584,77.784,76.069,77.179,471134,0
2015-12-18,17:00:00,77.238,77.358,76.332,76.733,312100,0
2015-12-18,18:00:00,76.757,77.07,75.999,76.069,254267,0
2015-12-18,19:00:00,76.086,76.157,75.513,75.741,271796,0
2015-12-18,20:00:00,75.731,76.687,75.661,76.495,242500,0
2015-12-18,21:00:00,76.495,76.981,76.435,76.673,247120,0
2015-12-18,22:00:00,76.683,76.802,75.731,75.761,716375,0
2015-12-21,16:00:00,76.852,77.219,75.761,75.824,227573,0
2015-12-21,17:00:00,75.861,77.08,75.801,76.981,367013,0
2015-12-21,18:00:00,76.977,77.11,76.505,76.981,210186,0
2015-12-21,19:00:00,77.001,77.38,76.991,77.318,178372,0
2015-12-21,20:00:00,77.298,77.724,77.298,77.447,183143,0
2015-12-21,21:00:00,77.438,77.635,77.042,77.1,229862,0
2015-12-21,22:00:00,77.1,77.764,77.045,77.764,557251,0
2015-12-22,16:00:00,78.15,78.448,76.465,76.545,250030,0
2015-12-22,17:00:00,76.564,76.971,76.242,76.356,242616,0
2015-12-22,18:00:00,76.376,76.484,76.078,76.317,328575,0
2015-12-22,19:00:00,76.307,76.891,76.069,76.842,212594,0
2015-12-22,20:00:00,76.852,77.338,76.683,77.258,202231,0
2015-12-22,21:00:00,77.308,77.734,77.248,77.729,278213,0
2015-12-22,22:00:00,77.732,78.438,77.506,77.704,748786,0
2015-12-23,16:00:00,78.2,78.235,77.011,77.625,217703,0
2015-12-23,17:00:00,77.665,78.36,77.506,78.34,292219,0
2015-12-23,18:00:00,78.34,78.666,77.888,78.102,193573,0
2015-12-23,19:00:00,78.112,79.192,78.112,79.053,437726,0
2015-12-23,20:00:00,79.063,79.192,78.538,78.565,177954,0
2015-12-23,21:00:00,78.528,78.781,78.428,78.607,125133,0
2015-12-23,22:00:00,78.617,78.696,78.35,78.508,259838,0
2015-12-24,16:00:00,78.508,79.807,78.34,79.404,286063,0
2015-12-24,17:00:00,79.361,79.436,78.914,79.202,192306,0
2015-12-24,18:00:00,79.212,79.262,78.954,79.142,174880,0
2015-12-24,19:00:00,79.132,79.132,78.607,78.646,184661,0
2015-12-24,20:00:00,78.666,78.666,78.656,78.656,82517,0
2015-12-28,16:00:00,78.15,78.366,77.07,77.834,323143,0
2015-12-28,17:00:00,77.754,77.962,76.921,77.138,339975,0
2015-12-28,18:00:00,77.074,78.666,77.02,78.448,625404,0
2015-12-28,19:00:00,78.458,79.222,78.28,78.438,457919,0
2015-12-28,20:00:00,78.418,79.231,78.335,78.746,342559,0
2015-12-28,21:00:00,78.766,79.034,78.369,78.438,460084,0
2015-12-28,22:00:00,78.448,78.656,78.3,78.626,317694,0
2015-12-29,16:00:00,78.766,79.41,78.418,79.41,224723,0
2015-12-29,17:00:00,79.41,79.747,79.044,79.589,267676,0
2015-12-29,18:00:00,79.569,80.164,79.569,79.817,404574,0
2015-12-29,19:00:00,79.817,79.827,79.529,79.737,256584,0
2015-12-29,20:00:00,79.727,80.461,79.688,80.382,314951,0
2015-12-29,21:00:00,80.392,80.669,80.154,80.333,182134,0
2015-12-29,22:00:00,80.323,80.491,79.688,79.757,555731,0
2015-12-30,16:00:00,79.509,80.172,79.49,79.638,107065,0
2015-12-30,17:00:00,79.688,79.912,79.341,79.857,220313,0
2015-12-30,18:00:00,79.857,80.253,79.757,79.767,168137,0
2015-12-30,19:00:00,79.747,79.817,79.232,79.311,120809,0
2015-12-30,20:00:00,79.321,79.44,79.044,79.053,93817,0
2015-12-30,21:00:00,79.073,79.232,78.865,78.993,103329,0
2015-12-30,22:00:00,79.014,79.063,78.488,78.498,296240,0
2015-12-31,16:00:00,78.25,78.588,77.199,77.328,187630,0
2015-12-31,17:00:00,77.298,77.373,76.723,77.139,349932,0
2015-12-31,18:00:00,77.139,77.278,77.09,77.253,268641,0
2015-12-31,19:00:00,77.261,77.516,77.139,77.159,218000,0
2015-12-31,20:00:00,77.149,77.288,76.901,77.04,232519,0
2015-12-31,21:00:00,77.02,77.129,76.555,76.686,218563,0
2015-12-31,22:00:00,76.673,76.763,76.157,76.187,639233,0
2016-01-04,16:00:00,74.383,76.157,74.284,75.285,772839,0
2016-01-04,17:00:00,75.295,76.267,74.779,75.741,426468,0
2016-01-04,18:00:00,75.711,77.229,75.275,76.643,551311,0
2016-01-04,19:00:00,76.633,77.179,76.385,77.08,342813,0
2016-01-04,20:00:00,77.09,77.348,76.852,77.154,291228,0
2016-01-04,21:00:00,77.139,77.308,76.703,77.06,294289,0
2016-01-04,22:00:00,77.08,77.318,76.485,77.278,710951,0
2016-01-05,16:00:00,77.387,77.466,73.45,73.53,739437,0
2016-01-05,17:00:00,73.504,74.849,73.232,74.452,933576,0
2016-01-05,18:00:00,74.442,74.512,73.986,74.184,400619,0
2016-01-05,19:00:00,74.174,74.182,72.746,73.222,917226,0
2016-01-05,20:00:00,73.242,73.6,72.905,73.242,563852,0
2016-01-05,21:00:00,73.262,73.57,72.171,72.399,646158,0
2016-01-05,22:00:00,72.37,73.104,72.191,72.677,1280876,0
2016-01-06,16:00:00,70.951,70.951,68.67,69.909,1218180,0
2016-01-06,17:00:00,69.881,71.457,69.831,70.387,1018953,0
2016-01-06,18:00:00,70.382,70.495,69.117,69.137,897572,0
2016-01-06,19:00:00,69.137,69.762,69.137,69.588,655290,0
2016-01-06,20:00:00,69.588,69.652,68.334,68.354,670642,0
2016-01-06,21:00:00,68.364,68.651,67.768,67.843,686726,0
2016-01-06,22:00:00,67.838,68.73,67.758,68.572,1944651,0
2016-01-07,16:00:00,66.043,68.026,65.547,67.438,1339238,0
2016-01-07,17:00:00,67.476,69.246,66.997,69.227,1049863,0
2016-01-07,18:00:00,69.266,69.692,68.68,69.296,995369,0
2016-01-07,19:00:00,69.316,69.603,67.768,67.976,616078,0
2016-01-07,20:00:00,67.975,67.976,66.608,66.727,623709,0
2016-01-07,21:00:00,66.687,67.421,65.943,66.925,655836,0
2016-01-07,22:00:00,66.925,67.243,66.291,66.599,1016587,0
2016-01-08,16:00:00,67.986,68.542,67.481,68.056,1341624,0
2016-01-08,17:00:00,68.071,68.165,66.836,67.253,1177660,0
2016-01-08,18:00:00,67.225,67.461,65.993,66.737,709972,0
2016-01-08,19:00:00,66.717,67.223,66.469,66.737,499910,0
2016-01-08,20:00:00,66.727,67.055,66.539,66.757,417070,0
2016-01-08,21:00:00,66.757,67.154,66.489,66.928,675515,0
2016-01-08,22:00:00,66.925,67.223,66.261,66.331,1512746,0
2016-01-11,16:00:00,66.618,67.431,65.21,65.497,590547,0
2016-01-11,17:00:00,65.409,66.221,64.436,64.476,841933,0
2016-01-11,18:00:00,64.451,65.399,64.387,65.269,656516,0
2016-01-11,19:00:00,65.24,65.428,64.823,65.349,544091,0
2016-01-11,20:00:00,65.369,65.725,64.794,64.883,514836,0
2016-01-11,21:00:00,64.893,65.369,64.803,65.071,480303,0
2016-01-11,22:00:00,65.071,65.958,64.635,65.497,990251,0
2016-01-12,16:00:00,66.161,67.243,66.103,66.504,316633,0
2016-01-12,17:00:00,66.589,66.767,66.073,66.346,347875,0
2016-01-12,18:00:00,66.341,66.341,65.567,65.765,377957,0
2016-01-12,19:00:00,65.769,65.963,64.803,65.091,309791,0
2016-01-12,20:00:00,65.091,65.269,64.635,64.853,322359,0
2016-01-12,21:00:00,64.823,65.379,64.516,65.339,257735,0
2016-01-12,22:00:00,65.359,66.439,65.141,66.073,952089,0
2016-01-13,16:00:00,63.664,65.111,63.112,64.59,1189532,0
2016-01-13,17:00:00,64.585,65.091,63.692,63.99,843342,0
2016-01-13,18:00:00,63.98,63.98,63.131,63.346,668127,0
2016-01-13,19:00:00,63.32,63.366,62.225,62.344,685841,0
2016-01-13,20:00:00,62.334,62.622,61.729,61.769,822042,0
2016-01-13,21:00:00,61.759,62.106,61.383,62.067,1069350,0
2016-01-13,22:00:00,62.086,62.354,61.471,61.64,1397109,0
2016-01-14,16:00:00,61.491,61.849,59.855,59.944,721485,0
2016-01-14,17:00:00,59.954,62.453,59.568,61.65,972808,0
2016-01-14,18:00:00,61.67,61.689,60.411,61.263,455899,0
2016-01-14,19:00:00,61.293,62.314,61.283,62.156,409863,0
2016-01-14,20:00:00,62.146,63.286,62.126,63.276,525360,0
2016-01-14,21:00:00,63.266,64.025,63.018,63.99,525314,0
2016-01-14,22:00:00,63.98,64.595,63.901,64,1494248,0
2016-01-15,16:00:00,60.589,61.927,60.49,60.955,775531,0
2016-01-15,17:00:00,60.995,61.541,60.609,60.877,826566,0
2016-01-15,18:00:00,60.867,61.115,60.361,60.589,486153,0
2016-01-15,19:00:00,60.619,60.698,59.419,59.637,676811,0
2016-01-15,20:00:00,59.627,60.396,59.478,60.143,642271,0
2016-01-15,21:00:00,60.142,60.787,59.706,60.742,558621,0
2016-01-15,22:00:00,60.718,60.807,59.954,60.163,1231285,0
2016-01-19,16:00:00,61.794,62.225,61.065,61.927,532086,0
2016-01-19,17:00:00,61.927,62.81,61.431,61.441,671087,0
2016-01-19,18:00:00,61.451,61.66,60.867,61.115,524557,0
2016-01-19,19:00:00,61.115,61.175,60.609,60.777,334493,0
2016-01-19,20:00:00,60.797,61.135,60.367,60.475,334862,0
2016-01-19,21:00:00,60.43,60.47,59.372,59.825,464603,0
2016-01-19,22:00:00,59.806,60.509,59.548,59.875,1508055,0
2016-01-20,16:00:00,58.874,60.43,58.011,59.46,626792,0
2016-01-20,17:00:00,59.468,59.468,58.229,58.308,750404,0
2016-01-20,18:00:00,58.338,60.173,58.328,59.161,522824,0
2016-01-20,19:00:00,59.176,59.538,58.556,59.389,383322,0
2016-01-20,20:00:00,59.438,60.242,58.904,59.736,1040096,0
2016-01-20,21:00:00,59.696,60.659,59.518,60.569,792703,0
2016-01-20,22:00:00,60.549,61.789,60.272,61.105,1226954,0
2016-01-21,16:00:00,61.709,62.185,61.005,61.383,383748,0
2016-01-21,17:00:00,61.441,63.038,61.441,62.572,514782,0
2016-01-21,18:00:00,62.622,63.624,62.453,63.564,558868,0
2016-01-21,19:00:00,63.564,64.188,63.396,63.554,569429,0
2016-01-21,20:00:00,63.584,64,62.691,62.9,330054,0
2016-01-21,21:00:00,62.939,63.406,62.245,63.197,351332,0
2016-01-21,22:00:00,63.197,63.286,62.533,62.761,848385,0
2016-01-22,16:00:00,64.456,66.589,64.426,66.494,970780,0
2016-01-22,17:00:00,66.509,66.856,65.518,66.196,1026201,0
2016-01-22,18:00:00,66.221,66.41,65.289,65.607,532977,0
2016-01-22,19:00:00,65.597,66.331,65.587,66.221,370702,0
2016-01-22,20:00:00,66.251,66.827,65.845,66.827,527406,0
2016-01-22,21:00:00,66.797,66.836,66.113,66.41,568283,0
2016-01-22,22:00:00,66.419,66.569,66.201,66.469,1175783,0
2016-01-25,16:00:00,66.291,66.361,65.012,65.25,293782,0
2016-01-25,17:00:00,65.22,65.914,65.101,65.855,376138,0
2016-01-25,18:00:00,65.815,65.845,65.25,65.299,293335,0
2016-01-25,19:00:00,65.299,65.674,65.161,65.647,179257,0
2016-01-25,20:00:00,65.637,66.075,65.587,65.686,248306,0
2016-01-25,21:00:00,65.676,65.953,65.527,65.745,315561,0
2016-01-25,22:00:00,65.715,65.845,64.944,65.041,919279,0
2016-01-26,16:00:00,65.2,65.704,64.446,64.536,324470,0
2016-01-26,17:00:00,64.52,65.735,64.52,65.428,410499,0
2016-01-26,18:00:00,65.389,65.914,65.289,65.745,240186,0
2016-01-26,19:00:00,65.755,66.479,65.755,66.028,246155,0
2016-01-26,20:00:00,66.053,66.093,65.481,65.537,232619,0
2016-01-26,21:00:00,65.537,65.617,65.17,65.315,234486,0
2016-01-26,22:00:00,65.299,65.399,64.903,65.25,775698,0
2016-01-27,16:00:00,65.131,65.905,62.905,63.306,1067263,0
2016-01-27,17:00:00,63.296,63.544,61.729,62.8,1149553,0
2016-01-27,18:00:00,62.8,64.119,62.275,63.96,726690,0
2016-01-27,19:00:00,63.95,64.09,63.444,63.651,286314,0
2016-01-27,20:00:00,63.644,63.882,62.542,62.77,282298,0
2016-01-27,21:00:00,62.751,63.038,61.641,61.878,555440,0
2016-01-27,22:00:00,61.868,61.918,61.188,61.621,1164052,0
2016-01-28,16:00:00,62.245,63.703,62.086,63.276,502319,0
2016-01-28,17:00:00,63.276,63.852,62.681,63.822,1359958,0
2016-01-28,18:00:00,63.812,63.92,62.959,62.979,502267,0
2016-01-28,19:00:00,62.979,64,62.979,63.644,453861,0
2016-01-28,20:00:00,63.644,64.045,63.514,63.752,803108,0
2016-01-28,21:00:00,63.722,63.97,63.346,63.97,485271,0
2016-01-28,22:00:00,63.95,64.357,63.702,64.248,1652172,0
2016-01-29,16:00:00,68.244,69.186,66.777,67.803,1329195,0
2016-01-29,17:00:00,67.798,68.665,66.906,67.193,1317283,0
2016-01-29,18:00:00,67.203,67.52,65.666,65.993,860441,0
2016-01-29,19:00:00,65.993,67.134,65.815,67.094,609770,0
2016-01-29,20:00:00,67.104,67.461,66.648,66.886,493008,0
2016-01-29,21:00:00,66.861,67.65,66.846,67.585,681142,0
2016-01-29,22:00:00,67.6,68.413,67.382,68.344,1898608,0
2016-02-01,16:00:00,67.61,68.314,67.322,67.501,351702,0
2016-02-01,17:00:00,67.441,68.968,66.955,68.958,699624,0
2016-02-01,18:00:00,68.958,68.978,68.036,68.71,632312,0
2016-02-01,19:00:00,68.72,68.958,68.324,68.442,518971,0
2016-02-01,20:00:00,68.472,69.018,68.394,68.938,378394,0
2016-02-01,21:00:00,68.938,69.385,68.66,69.345,588292,0
2016-02-01,22:00:00,69.345,69.801,68.978,69.038,1055313,0
2016-02-02,16:00:00,68.492,68.622,67.332,67.405,363118,0
2016-02-02,17:00:00,67.431,68.165,67.352,67.719,642520,0
2016-02-02,18:00:00,67.729,68.076,67.273,67.312,366618,0
2016-02-02,19:00:00,67.312,67.441,66.499,66.697,336457,0
2016-02-02,20:00:00,66.707,66.707,66.271,66.423,330406,0
2016-02-02,21:00:00,66.439,67.04,66.429,66.643,337974,0
2016-02-02,22:00:00,66.638,66.707,65.825,65.924,934526,0
2016-02-03,16:00:00,67.233,68.214,66.945,67.59,363924,0
2016-02-03,17:00:00,67.59,67.59,64.585,65.19,746639,0
2016-02-03,18:00:00,65.229,65.587,64.338,65.468,412513,0
2016-02-03,19:00:00,65.507,66.341,65.425,66.166,316194,0
2016-02-03,20:00:00,66.231,66.301,65.289,65.329,702892,0
2016-02-03,21:00:00,65.319,66.043,64.586,65.825,969833,0
2016-02-03,22:00:00,65.835,66.043,65.339,65.637,876298,0
2016-02-04,16:00:00,66.023,66.231,64.873,65.22,291897,0
2016-02-04,17:00:00,65.21,66.093,65.002,65.765,733557,0
2016-02-04,18:00:00,65.785,65.785,64.575,64.655,382634,0
2016-02-04,19:00:00,64.694,65.507,64.585,65.23,457658,0
2016-02-04,20:00:00,65.23,65.617,65.071,65.329,474390,0
2016-02-04,21:00:00,65.339,65.476,64.893,65.413,420620,0
2016-02-04,22:00:00,65.399,65.755,65.22,65.448,1114979,0
2016-02-05,16:00:00,64.328,65.299,63.236,63.256,397638,0
2016-02-05,17:00:00,63.246,63.762,61.967,61.967,805026,0
2016-02-05,18:00:00,61.977,62.032,60.49,61.283,1457926,0
2016-02-05,19:00:00,61.323,62.156,61.165,61.283,514568,0
2016-02-05,20:00:00,61.283,62.206,61.253,61.744,715643,0
2016-02-05,21:00:00,61.759,61.937,61.253,61.722,482523,0
2016-02-05,22:00:00,61.719,61.839,61.303,61.64,1253878,0
2016-02-08,16:00:00,60.301,60.678,59.052,59.498,584940,0
2016-02-08,17:00:00,59.484,60.291,59.25,59.35,919194,0
2016-02-08,18:00:00,59.35,59.458,58.408,58.714,632581,0
2016-02-08,19:00:00,58.744,59.052,58.496,58.581,580891,0
2016-02-08,20:00:00,58.566,58.586,57.941,58.11,541300,0
2016-02-08,21:00:00,58.1,58.447,57.743,58.02,551188,0
2016-02-08,22:00:00,58.001,59.27,57.932,58.804,1199599,0
2016-02-09,16:00:00,58.007,59.75,57.629,59.272,334005,0
2016-02-09,17:00:00,59.272,59.84,58.386,58.505,718892,0
2016-02-09,18:00:00,58.475,58.934,58.147,58.216,437299,0
2016-02-09,19:00:00,58.256,58.386,57.619,58.057,448462,0
2016-02-09,20:00:00,58.034,58.127,57.23,57.457,490697,0
2016-02-09,21:00:00,57.439,58.575,57.43,58.256,420548,0
2016-02-09,22:00:00,58.236,58.724,57.4,57.469,1220509,0
2016-02-10,16:00:00,58.445,58.475,56.782,58.067,376481,0
2016-02-10,17:00:00,57.957,59.521,57.868,58.097,541873,0
2016-02-10,18:00:00,58.126,58.525,57.469,57.469,315681,0
2016-02-10,19:00:00,57.519,58.495,57.061,58.406,369125,0
2016-02-10,20:00:00,58.406,58.565,57.449,57.579,275005,0
2016-02-10,21:00:00,57.599,57.808,57.061,57.24,458197,0
2016-02-10,22:00:00,57.26,57.698,56.902,56.971,717598,0
2016-02-11,16:00:00,55.876,56.573,54.282,55.567,931985,0
2016-02-11,17:00:00,55.477,56.742,55.019,55.238,636255,0
2016-02-11,18:00:00,55.218,55.547,54.541,54.76,742686,0
2016-02-11,19:00:00,54.74,55.198,54.641,55.198,533234,0
2016-02-11,20:00:00,55.198,55.587,55.089,55.358,672056,0
2016-02-11,21:00:00,55.358,56.155,54.78,55.995,782838,0
2016-02-11,22:00:00,56.025,56.075,55.567,55.627,1362497,0
2016-02-12,16:00:00,56.832,57.489,56.085,56.204,532764,0
2016-02-12,17:00:00,56.214,56.692,55.786,55.806,735399,0
2016-02-12,18:00:00,55.826,57.439,55.806,57.25,653061,0
2016-02-12,19:00:00,57.23,57.728,57.171,57.489,290040,0
2016-02-12,20:00:00,57.489,57.539,56.902,56.94,202517,0
2016-02-12,21:00:00,56.941,57.469,56.862,57.141,308775,0
2016-02-12,22:00:00,57.131,57.439,57.011,57.4,784799,0
2016-02-16,16:00:00,59.033,60.856,58.904,60.607,726953,0
2016-02-16,17:00:00,60.557,61.085,60.109,60.706,730707,0
2016-02-16,18:00:00,60.706,61.593,60.567,61.543,612423,0
2016-02-16,19:00:00,61.548,61.742,61.184,61.593,511157,0
2016-02-16,20:00:00,61.623,61.971,61.518,61.732,435115,0
2016-02-16,21:00:00,61.752,62.19,60.995,61.115,422497,0
2016-02-16,22:00:00,61.115,61.314,60.967,61.194,888553,0
2016-02-17,16:00:00,61.573,63.665,61.324,63.056,539930,0
2016-02-17,17:00:00,63.017,64.421,63.007,64.267,740380,0
2016-02-17,18:00:00,64.262,64.621,63.236,63.265,622927,0
2016-02-17,19:00:00,63.296,63.774,62.788,63.406,471553,0
2016-02-17,20:00:00,63.406,63.904,63.127,63.144,334367,0
2016-02-17,21:00:00,63.142,63.535,62.908,63.077,413814,0
2016-02-17,22:00:00,63.107,63.475,62.788,63.455,984591,0
2016-02-18,16:00:00,64.172,64.232,62.489,62.758,297240,0
2016-02-18,17:00:00,62.708,62.738,60.856,61.105,624631,0
2016-02-18,18:00:00,61.075,62.061,60.906,61.971,288711,0
2016-02-18,19:00:00,61.961,62.171,61.583,61.951,167596,0
2016-02-18,20:00:00,61.951,62.061,61.543,61.772,274427,0
2016-02-18,21:00:00,61.772,62.608,61.742,62.295,271580,0
2016-02-18,22:00:00,62.28,62.32,61.752,61.822,660247,0
2016-02-19,16:00:00,61.264,62.489,61.045,62.031,412781,0
2016-02-19,17:00:00,61.981,62.868,61.712,62.489,427883,0
2016-02-19,18:00:00,62.479,63.247,62.101,62.898,422242,0
2016-02-19,19:00:00,62.927,63.206,62.678,62.818,325181,0
2016-02-19,20:00:00,62.808,62.967,62.599,62.788,285145,0
2016-02-19,21:00:00,62.788,62.908,62.579,62.629,292840,0
2016-02-19,22:00:00,62.649,62.858,62.599,62.778,850877,0
2016-02-22,16:00:00,63.346,64.856,63.346,64.856,481698,0
2016-02-22,17:00:00,64.83,64.929,63.914,63.953,461616,0
2016-02-22,18:00:00,63.923,63.951,63.037,63.33,303200,0
2016-02-22,19:00:00,63.316,63.694,63.147,63.386,225969,0
2016-02-22,20:00:00,63.366,63.914,63.246,63.884,262545,0
2016-02-22,21:00:00,63.884,63.904,63.376,63.615,245944,0
2016-02-22,22:00:00,63.625,64.083,63.356,64.033,890257,0
2016-02-23,16:00:00,63.485,63.505,62.549,63.057,259094,0
2016-02-23,17:00:00,63.047,63.117,62.3,62.439,411259,0
2016-02-23,18:00:00,62.439,62.599,61.991,62.081,327994,0
2016-02-23,19:00:00,62.071,62.529,61.822,62.479,228653,0
2016-02-23,20:00:00,62.499,62.688,62.18,62.439,173781,0
2016-02-23,21:00:00,62.429,62.828,62.4,62.549,242424,0
2016-02-23,22:00:00,62.549,62.773,62.3,62.37,484328,0
2016-02-24,16:00:00,61.334,61.673,60.866,61.254,282777,0
2016-02-24,17:00:00,61.204,61.673,60.896,61.17,501119,0
2016-02-24,18:00:00,61.204,62.19,60.965,62.151,380103,0
2016-02-24,19:00:00,62.161,62.33,61.772,62.22,207185,0
2016-02-24,20:00:00,62.22,62.808,62.18,62.764,181887,0
2016-02-24,21:00:00,62.778,63.416,62.708,63.175,251322,0
2016-02-24,22:00:00,63.196,63.605,63.196,63.455,540580,0
2016-02-25,16:00:00,63.276,64.033,62.629,62.718,296215,0
2016-02-25,17:00:00,62.698,63.923,62.34,63.349,415696,0
2016-02-25,18:00:00,63.346,63.595,63.186,63.495,214019,0
2016-02-25,19:00:00,63.505,63.625,63.276,63.416,198130,0
2016-02-25,20:00:00,63.435,63.744,63.196,63.595,176522,0
2016-02-25,21:00:00,63.605,63.734,63.475,63.475,207568,0
2016-02-25,22:00:00,63.495,64.302,63.495,64.292,771051,0
2016-02-26,16:00:00,64.82,65.139,64.441,64.441,227434,0
2016-02-26,17:00:00,64.402,64.675,64.172,64.621,339052,0
2016-02-26,18:00:00,64.631,65.139,64.461,64.905,360548,0
2016-02-26,19:00:00,64.89,64.89,64.392,64.75,189067,0
2016-02-26,20:00:00,64.76,64.919,64.412,64.521,186371,0
2016-02-26,21:00:00,64.501,64.84,64.421,64.56,236078,0
2016-02-26,22:00:00,64.581,64.86,64.561,64.641,433147,0
2016-02-29,16:00:00,65.617,66.075,65.288,65.906,364526,0
2016-02-29,17:00:00,65.911,66.772,65.676,66.672,785407,0
2016-02-29,18:00:00,66.682,68.515,66.662,67.499,1106395,0
2016-02-29,19:00:00,67.509,67.907,67.071,67.708,528937,0
2016-02-29,20:00:00,67.708,67.888,66.882,67.21,431017,0
2016-02-29,21:00:00,67.21,67.23,66.463,66.653,411875,0
2016-02-29,22:00:00,66.633,66.852,66.164,66.184,881281,0
2016-03-01,16:00:00,67.35,67.818,66.767,67.668,268645,0
2016-03-01,17:00:00,67.698,69.063,67.64,68.097,599238,0
2016-03-01,18:00:00,68.117,69.571,68.117,69.466,605064,0
2016-03-01,19:00:00,69.481,69.67,68.993,69.421,604108,0
2016-03-01,20:00:00,69.431,69.979,69.33,69.511,647584,0
2016-03-01,21:00:00,69.521,69.909,69.342,69.73,523181,0
2016-03-01,22:00:00,69.74,70.139,69.7,70.119,968101,0
2016-03-02,16:00:00,69.66,70.567,69.202,70.109,475668,0
2016-03-02,17:00:00,70.119,70.119,68.834,69.232,620150,0
2016-03-02,18:00:00,69.232,69.461,68.425,68.435,597983,0
2016-03-02,19:00:00,68.445,68.575,68.246,68.475,286909,0
2016-03-02,20:00:00,68.465,68.595,68.246,68.246,278134,0
2016-03-02,21:00:00,68.266,68.884,68.176,68.505,385858,0
2016-03-02,22:00:00,68.505,68.734,68.276,68.704,804000,0
2016-03-03,16:00:00,68.147,69.581,68.027,69.421,251630,0
2016-03-03,17:00:00,69.441,69.68,68.933,69.461,556101,0
2016-03-03,18:00:00,69.431,69.79,68.505,69.063,436348,0
2016-03-03,19:00:00,69.063,69.451,68.884,69.451,490350,0
2016-03-03,20:00:00,69.446,69.899,69.382,69.899,334080,0
2016-03-03,21:00:00,69.899,70.208,69.581,69.611,728797,0
2016-03-03,22:00:00,69.621,69.959,69.212,69.82,831666,0
2016-03-04,16:00:00,70.895,72.469,70.049,72.205,1217263,0
2016-03-04,17:00:00,72.23,73.923,71.662,73.635,1141297,0
2016-03-04,18:00:00,73.605,74.551,73.336,74.432,956856,0
2016-03-04,19:00:00,74.419,74.81,73.425,73.465,832686,0
2016-03-04,20:00:00,73.445,73.884,73.256,73.706,659995,0
2016-03-04,21:00:00,73.704,73.794,72.21,72.469,750941,0
2016-03-04,22:00:00,72.459,72.838,72.16,72.718,1065729,0
2016-03-07,16:00:00,71.872,72.987,71.521,72.011,385525,0
2016-03-07,17:00:00,71.981,73.405,71.533,73.276,682989,0
2016-03-07,18:00:00,73.276,74.382,73.186,74.093,440699,0
2016-03-07,19:00:00,74.053,74.222,73.625,74.152,331235,0
2016-03-07,20:00:00,74.182,74.431,71.882,72.071,637451,0
2016-03-07,21:00:00,72.091,72.509,71.604,72.011,461295,0
2016-03-07,22:00:00,72.001,72.738,71.812,72.629,858148,0
2016-03-08,16:00:00,71.712,71.812,70.378,70.716,473196,0
2016-03-08,17:00:00,70.716,70.836,68.973,69.172,718223,0
2016-03-08,18:00:00,69.152,70.155,69.152,69.382,639581,0
2016-03-08,19:00:00,69.352,70.019,69.172,69.601,400336,0
2016-03-08,20:00:00,69.571,70.278,69.043,70.052,482741,0
2016-03-08,21:00:00,70.089,70.457,69.75,69.929,408036,0
2016-03-08,22:00:00,69.919,70.099,69.521,69.631,943154,0
2016-03-09,16:00:00,70.039,70.791,69.68,69.87,226767,0
2016-03-09,17:00:00,69.88,71.623,69.86,70.308,547088,0
2016-03-09,18:00:00,70.298,71.274,69.989,70.786,445583,0
2016-03-09,19:00:00,70.756,70.925,70.268,70.288,269320,0
2016-03-09,20:00:00,70.278,71.204,70.248,70.895,252837,0
2016-03-09,21:00:00,70.868,71.334,70.597,71.115,302987,0
2016-03-09,22:00:00,71.115,71.115,70.517,70.736,526902,0
2016-03-10,16:00:00,71.214,71.662,70.915,71.595,312369,0
2016-03-10,17:00:00,71.613,72.071,70.308,70.397,689087,0
2016-03-10,18:00:00,70.427,70.477,69.526,69.735,360038,0
2016-03-10,19:00:00,69.71,69.893,68.489,68.714,447401,0
2016-03-10,20:00:00,68.704,68.933,68.306,68.704,314353,0
2016-03-10,21:00:00,68.724,69.621,68.694,69.411,367625,0
2016-03-10,22:00:00,69.421,70.049,69.302,69.69,608193,0
2016-03-11,16:00:00,70.547,71.174,70.338,71.005,238368,0
2016-03-11,17:00:00,71.035,71.214,70.527,70.935,347025,0
2016-03-11,18:00:00,70.915,71.702,70.587,71.453,437316,0
2016-03-11,19:00:00,71.453,71.991,71.453,71.613,358980,0
2016-03-11,20:00:00,71.652,72.101,71.613,72.041,292961,0
2016-03-11,21:00:00,72.061,72.26,71.832,72.011,349896,0
2016-03-11,22:00:00,72.001,72.509,71.822,72.479,1007963,0
2016-03-14,15:00:00,71.882,72.409,71.234,71.752,447015,0
2016-03-14,16:00:00,71.782,72.838,71.722,72.38,344076,0
2016-03-14,17:00:00,72.34,72.917,72.24,72.599,362788,0
2016-03-14,18:00:00,72.635,72.635,72.19,72.489,207220,0
2016-03-14,19:00:00,72.509,72.509,72.131,72.34,269019,0
2016-03-14,20:00:00,72.33,72.559,72.16,72.39,218611,0
2016-03-14,21:00:00,72.39,72.718,72.21,72.499,719427,0
2016-03-15,15:00:00,73.226,74.103,73.206,73.272,885480,0
2016-03-15,16:00:00,73.296,73.376,72.18,72.439,792334,0
2016-03-15,17:00:00,72.459,72.728,72.061,72.559,308519,0
2016-03-15,18:00:00,72.559,72.758,72.35,72.609,228395,0
2016-03-15,19:00:00,72.609,73.306,72.479,73.276,312651,0
2016-03-15,20:00:00,73.286,73.306,72.917,73.216,277583,0
2016-03-15,21:00:00,73.206,73.505,73.127,73.316,632041,0
2016-03-16,15:00:00,72.708,73.953,72.609,73.704,190899,0
2016-03-16,16:00:00,73.764,73.874,72.988,73.306,329880,0
2016-03-16,17:00:00,73.306,73.943,73.176,73.605,426413,0
2016-03-16,18:00:00,73.605,73.933,73.276,73.674,545465,0
2016-03-16,19:00:00,73.674,73.744,73.256,73.565,431682,0
2016-03-16,20:00:00,73.585,74.621,73.525,74.053,583694,0
2016-03-16,21:00:00,74.073,74.75,74.063,74.7,1200809,0
2016-03-17,15:00:00,73.963,74.6,72.987,73.455,829425,0
2016-03-17,16:00:00,73.46,73.63,72.788,73.435,712954,0
2016-03-17,17:00:00,73.435,73.674,72.878,72.907,386076,0
2016-03-17,18:00:00,72.888,73.913,72.868,73.834,627059,0
2016-03-17,19:00:00,73.854,74.86,73.649,74.421,840512,0
2016-03-17,20:00:00,74.401,74.66,74.123,74.436,573994,0
2016-03-17,21:00:00,74.451,74.86,74.424,74.621,968344,0
2016-03-18,15:00:00,75.109,75.497,74.561,75.009,548889,0
2016-03-18,16:00:00,75.009,75.925,75.009,75.776,637273,0
2016-03-18,17:00:00,75.746,76.383,75.646,75.965,530003,0
2016-03-18,18:00:00,75.962,76.224,75.816,76.065,269586,0
2016-03-18,19:00:00,76.085,76.115,75.447,75.891,251313,0
2016-03-18,20:00:00,75.895,76.234,75.876,75.995,267231,0
2016-03-18,21:00:00,75.975,76.817,75.975,76.712,1252395,0
2016-03-21,15:00:00,76.374,76.782,75.876,75.955,223577,0
2016-03-21,16:00:00,75.925,76.025,75.129,75.89,535816,0
2016-03-21,17:00:00,75.885,76.642,75.876,76.204,335985,0
2016-03-21,18:00:00,76.184,76.264,75.696,76.239,163466,0
2016-03-21,19:00:00,76.234,76.642,76.045,76.377,171743,0
2016-03-21,20:00:00,76.354,76.662,76.194,76.533,156266,0
2016-03-21,21:00:00,76.533,76.931,76.194,76.901,599854,0
2016-03-22,15:00:00,75.796,76.08,75.308,76.005,247181,0
2016-03-22,16:00:00,75.955,76.612,75.738,76.115,377635,0
2016-03-22,17:00:00,76.124,76.632,75.995,76.334,278582,0
2016-03-22,18:00:00,76.333,76.692,76.224,76.619,126185,0
2016-03-22,19:00:00,76.613,76.613,76.314,76.513,119061,0
2016-03-22,20:00:00,76.503,76.603,76.231,76.234,193402,0
2016-03-22,21:00:00,76.234,76.682,76.134,76.583,758004,0
2016-03-23,15:00:00,76.144,76.413,75.826,75.955,195424,0
2016-03-23,16:00:00,76.025,76.164,75.527,75.89,441836,0
2016-03-23,17:00:00,75.895,76.125,75.786,75.975,218037,0
2016-03-23,18:00:00,75.965,76.134,75.836,75.985,203327,0
2016-03-23,19:00:00,75.965,76.194,75.716,75.736,281631,0
2016-03-23,20:00:00,75.736,75.975,75.627,75.627,429680,0
2016-03-23,21:00:00,75.627,76.005,75.627,75.995,797512,0
2016-03-24,15:00:00,75.268,75.293,74.71,75.069,204713,0
2016-03-24,16:00:00,75.094,75.806,75.094,75.627,277209,0
2016-03-24,17:00:00,75.607,75.721,75.228,75.452,142275,0
2016-03-24,18:00:00,75.457,75.696,75.297,75.497,114384,0
2016-03-24,19:00:00,75.477,75.577,75.368,75.373,90084,0
2016-03-24,20:00:00,75.328,75.607,75.158,75.547,150160,0
2016-03-24,21:00:00,75.53,75.935,75.447,75.895,850957,0
2016-03-28,16:00:00,76.134,76.184,75.417,75.786,118903,0
2016-03-28,17:00:00,75.789,76.503,75.756,76.028,241678,0
2016-03-28,18:00:00,75.995,76.692,75.925,76.608,266225,0
2016-03-28,19:00:00,76.6,76.724,76.413,76.623,183183,0
2016-03-28,20:00:00,76.622,76.872,76.503,76.692,156799,0
2016-03-28,21:00:00,76.692,76.782,76.339,76.433,151152,0
2016-03-28,22:00:00,76.433,76.812,76.383,76.613,754914,0
2016-03-29,16:00:00,74.212,74.84,73.316,74.501,706292,0
2016-03-29,17:00:00,74.461,75.278,74.172,75.218,750986,0
2016-03-29,18:00:00,75.218,75.308,74.601,74.899,457104,0
2016-03-29,19:00:00,74.899,75.796,74.82,75.532,279764,0
2016-03-29,20:00:00,75.537,75.905,75.338,75.846,293582,0
2016-03-29,21:00:00,75.846,76.573,75.826,76.219,528683,0
2016-03-29,22:00:00,76.214,76.374,75.915,76.164,732898,0
2016-03-30,16:00:00,76.682,77.907,76.493,77.609,348184,0
2016-03-30,17:00:00,77.599,77.698,77.14,77.3,347732,0
2016-03-30,18:00:00,77.31,77.449,76.692,77.23,372892,0
2016-03-30,19:00:00,77.24,77.32,76.832,76.951,256154,0
2016-03-30,20:00:00,76.961,77.389,76.891,77.33,212717,0
2016-03-30,21:00:00,77.33,77.389,77.091,77.3,147310,0
2016-03-30,22:00:00,77.27,77.678,77.24,77.539,684270,0
2016-03-31,16:00:00,77.3,77.927,77.001,77.524,436015,0
2016-03-31,17:00:00,77.509,77.977,77.469,77.543,319240,0
2016-03-31,18:00:00,77.549,77.788,77.36,77.648,240377,0
2016-03-31,19:00:00,77.633,77.738,77.459,77.479,107222,0
2016-03-31,20:00:00,77.479,77.529,77.2,77.399,234626,0
2016-03-31,21:00:00,77.399,77.569,77.31,77.529,242887,0
2016-03-31,22:00:00,77.529,77.718,77.34,77.589,1019991,0
2016-04-01,16:00:00,76.852,77.091,76.015,76.403,268577,0
2016-04-01,17:00:00,76.498,77.051,76.354,76.872,331221,0
2016-04-01,18:00:00,76.842,77.19,76.712,76.942,189069,0
2016-04-01,19:00:00,76.941,77.24,76.812,77.19,246055,0
2016-04-01,20:00:00,77.18,77.768,77.14,77.429,172556,0
2016-04-01,21:00:00,77.459,77.663,77.35,77.563,118093,0
2016-04-01,22:00:00,77.549,77.917,77.549,77.838,443299,0
2016-04-04,16:00:00,78.047,78.146,77.272,77.539,152778,0
2016-04-04,17:00:00,77.494,77.628,76.832,76.862,230490,0
2016-04-04,18:00:00,76.862,77.19,76.134,77.149,453959,0
2016-04-04,19:00:00,77.13,77.459,77.071,77.28,132961,0
2016-04-04,20:00:00,77.25,77.389,76.822,76.921,85945,0
2016-04-04,21:00:00,76.921,77.071,76.603,77.021,179817,0
2016-04-04,22:00:00,77.041,77.215,76.882,77.19,480013,0
2016-04-05,16:00:00,76.144,76.872,75.836,76.553,296118,0
2016-04-05,17:00:00,76.473,77.071,76.085,76.194,374431,0
2016-04-05,18:00:00,76.154,76.842,76.144,76.792,163124,0
2016-04-05,19:00:00,76.792,76.941,76.443,76.483,130331,0
2016-04-05,20:00:00,76.453,76.931,76.423,76.891,82241,0
2016-04-05,21:00:00,76.842,76.961,76.682,76.802,123132,0
2016-04-05,22:00:00,76.802,76.901,76.483,76.762,623007,0
2016-04-06,16:00:00,76.563,76.792,75.397,75.557,324026,0
2016-04-06,17:00:00,75.577,76.055,74.919,76.055,557245,0
2016-04-06,18:00:00,76.076,76.812,76.005,76.687,277164,0
2016-04-06,19:00:00,76.692,76.822,76.473,76.652,90738,0
2016-04-06,20:00:00,76.692,77.23,76.662,77.106,88615,0
2016-04-06,21:00:00,77.121,77.469,76.872,77.459,156454,0
2016-04-06,22:00:00,77.459,78.136,77.36,77.897,730454,0
2016-04-07,16:00:00,77.27,77.404,76.533,76.817,395046,0
2016-04-07,17:00:00,76.842,77.18,76.583,76.961,989210,0
2016-04-07,18:00:00,76.941,77.21,76.762,76.971,271433,0
2016-04-07,19:00:00,76.991,77.27,76.951,77.021,264453,0
2016-04-07,20:00:00,77.021,77.15,76.802,76.832,338401,0
2016-04-07,21:00:00,76.802,77.091,76.264,76.513,910987,0
2016-04-07,22:00:00,76.533,77.041,76.473,77.001,913250,0
2016-04-08,16:00:00,77.688,77.798,76.603,77.33,719940,0
2016-04-08,17:00:00,77.35,77.708,76.961,77.28,351202,0
2016-04-08,18:00:00,77.28,77.688,76.802,77.15,1353934,0
2016-04-08,19:00:00,77.15,77.19,76.652,76.981,357444,0
2016-04-08,20:00:00,76.971,77.091,76.682,77.041,107658,0
2016-04-08,21:00:00,77.021,77.068,76.752,76.792,237078,0
2016-04-08,22:00:00,76.807,77.051,76.294,77.051,916264,0
2016-04-11,16:00:00,77.419,77.489,76.862,77.3,175183,0
2016-04-11,17:00:00,77.35,77.688,76.861,76.864,295149,0
2016-04-11,18:00:00,76.852,76.881,76.304,76.782,221931,0
2016-04-11,19:00:00,76.822,76.832,76.403,76.772,139294,0
2016-04-11,20:00:00,76.772,76.911,76.383,76.443,138590,0
2016-04-11,21:00:00,76.443,76.613,76.354,76.553,126303,0
2016-04-11,22:00:00,76.544,76.563,75.716,75.766,542420,0
2016-04-12,16:00:00,75.925,76.045,73.874,73.913,345313,0
2016-04-12,17:00:00,73.983,74.382,73.366,74.169,766471,0
2016-04-12,18:00:00,74.162,74.526,73.555,73.814,419070,0
2016-04-12,19:00:00,73.824,74.7,73.764,74.348,355021,0
2016-04-12,20:00:00,74.372,74.531,74.113,74.302,342121,0
2016-04-12,21:00:00,74.302,74.72,74.192,74.571,239089,0
2016-04-12,22:00:00,74.566,74.7,74.202,74.342,717454,0
2016-04-13,16:00:00,74.959,75.746,74.7,75.646,209947,0
2016-04-13,17:00:00,75.666,76.075,75.487,75.776,346006,0
2016-04-13,18:00:00,75.776,76.603,75.776,76.443,198079,0
2016-04-13,19:00:00,76.453,76.583,76.244,76.314,112769,0
2016-04-13,20:00:00,76.344,76.473,76.234,76.453,129234,0
2016-04-13,21:00:00,76.453,76.742,76.413,76.652,166495,0
2016-04-13,22:00:00,76.642,76.911,76.623,76.762,451336,0
2016-04-14,16:00:00,75.587,75.686,74.292,75.328,416890,0
2016-04-14,17:00:00,75.333,75.765,75.158,75.258,380501,0
2016-04-14,18:00:00,75.258,75.716,75.248,75.706,241210,0
2016-04-14,19:00:00,75.696,76.344,75.487,76.284,225251,0
2016-04-14,20:00:00,76.264,76.493,76.239,76.314,230608,0
2016-04-14,21:00:00,76.314,76.543,76.264,76.314,188426,0
2016-04-14,22:00:00,76.324,76.593,76.304,76.463,435643,0
2016-04-15,16:00:00,76.334,76.443,75.945,76.263,221286,0
2016-04-15,17:00:00,76.274,76.613,75.836,76.393,215862,0
2016-04-15,18:00:00,76.374,76.852,76.374,76.652,123406,0
2016-04-15,19:00:00,76.632,76.792,76.563,76.623,72712,0
2016-04-15,20:00:00,76.613,76.632,74.999,75.537,867650,0
2016-04-15,21:00:00,75.577,75.597,75.099,75.258,363436,0
2016-04-15,22:00:00,75.258,75.268,74.65,74.76,1025550,0
2016-04-18,16:00:00,74.103,74.391,73.605,73.774,334669,0
2016-04-18,17:00:00,73.744,74.72,73.734,74.202,403154,0
2016-04-18,18:00:00,74.202,74.342,73.913,74.297,221101,0
2016-04-18,19:00:00,74.272,74.909,74.272,74.73,146127,0
2016-04-18,20:00:00,74.74,74.76,74.372,74.461,206489,0
2016-04-18,21:00:00,74.451,74.601,74.312,74.481,179858,0
2016-04-18,22:00:00,74.491,74.541,74.172,74.441,425014,0
2016-04-19,16:00:00,74.85,74.85,72.589,72.838,369185,0
2016-04-19,17:00:00,72.798,73.256,72.29,73.15,585001,0
2016-04-19,18:00:00,73.156,73.206,71.682,71.682,378935,0
2016-04-19,19:00:00,71.662,71.971,71.593,71.782,377922,0
2016-04-19,20:00:00,71.772,72.569,71.752,72.439,302293,0
2016-04-19,21:00:00,72.449,72.539,71.772,71.802,302072,0
2016-04-19,22:00:00,71.807,72.041,71.672,71.941,972161,0
2016-04-20,16:00:00,71.553,72.409,70.607,72.312,434167,0
2016-04-20,17:00:00,72.33,72.668,71.762,72.051,507021,0
2016-04-20,18:00:00,72.041,72.658,71.961,72.539,348508,0
2016-04-20,19:00:00,72.539,73.216,72.489,72.838,313006,0
2016-04-20,20:00:00,72.858,72.987,72.559,72.828,199620,0
2016-04-20,21:00:00,72.838,72.848,72.629,72.738,247088,0
2016-04-20,22:00:00,72.718,72.957,72.499,72.549,591842,0
2016-04-21,16:00:00,72.3,72.499,70.965,71.001,326037,0
2016-04-21,17:00:00,70.995,71.623,70.786,71.503,633533,0
2016-04-21,18:00:00,71.523,71.672,70.816,70.836,402789,0
2016-04-21,19:00:00,70.826,71.214,70.786,71.154,202119,0
2016-04-21,20:00:00,71.174,71.752,71.164,71.553,171788,0
2016-04-21,21:00:00,71.543,71.578,71.324,71.523,203832,0
2016-04-21,22:00:00,71.523,71.692,71.314,71.403,614205,0
2016-04-22,16:00:00,71.294,71.777,70.816,71.712,323233,0
2016-04-22,17:00:00,71.742,71.862,70.427,70.656,448251,0
2016-04-22,18:00:00,70.686,70.796,70.288,70.627,326754,0
2016-04-22,19:00:00,70.627,70.696,70.278,70.437,148108,0
2016-04-22,20:00:00,70.457,71.005,70.457,70.836,198386,0
2016-04-22,21:00:00,70.836,71.154,70.766,71.025,228853,0
2016-04-22,22:00:00,71.045,71.294,70.895,71.214,606332,0
2016-04-25,16:00:00,70.746,71.184,70.537,70.776,209714,0
2016-04-25,17:00:00,70.756,70.955,70.079,70.268,370495,0
2016-04-25,18:00:00,70.258,70.343,69.73,69.899,311379,0
2016-04-25,19:00:00,69.89,70.206,69.88,70.099,259259,0
2016-04-25,20:00:00,70.099,70.547,70.094,70.407,310273,0
2016-04-25,21:00:00,70.407,70.437,70.109,70.397,210272,0
2016-04-25,22:00:00,70.397,70.437,70.208,70.437,609565,0
2016-04-26,16:00:00,71.055,72.21,70.746,71.971,425091,0
2016-04-26,17:00:00,71.981,72.001,70.866,71.135,321985,0
2016-04-26,18:00:00,71.154,71.862,71.144,71.682,235352,0
2016-04-26,19:00:00,71.692,71.832,71.483,71.503,147412,0
2016-04-26,20:00:00,71.513,71.812,71.274,71.662,192304,0
2016-04-26,21:00:00,71.667,71.672,71.268,71.473,166032,0
2016-04-26,22:00:00,71.453,71.533,71.115,71.423,504426,0
2016-04-27,16:00:00,68.405,72.459,68.206,70.039,1888856,0
2016-04-27,17:00:00,70.069,70.248,69.123,69.979,959872,0
2016-04-27,18:00:00,69.979,71.015,69.84,70.816,589167,0
2016-04-27,19:00:00,70.806,71.613,70.766,71.523,410723,0
2016-04-27,20:00:00,71.523,71.633,71.105,71.294,402210,0
2016-04-27,21:00:00,71.294,71.991,71.051,71.991,510089,0
2016-04-27,22:00:00,71.991,72.549,71.842,72.032,962280,0
2016-04-28,16:00:00,71.593,72.589,71.025,72.499,293715,0
2016-04-28,17:00:00,72.479,73.137,72.2,72.947,503011,0
2016-04-28,18:00:00,72.977,73.296,72.668,73.166,286326,0
2016-04-28,19:00:00,73.156,73.296,72.768,72.937,278606,0
2016-04-28,20:00:00,72.947,72.977,72.479,72.748,410302,0
2016-04-28,21:00:00,72.733,72.977,72.28,72.29,646723,0
2016-04-28,22:00:00,72.31,72.36,71.294,71.493,1209516,0
2016-04-29,16:00:00,70.139,71.722,68.038,68.107,1968337,0
2016-04-29,17:00:00,68.161,68.864,67.589,68.296,1545997,0
2016-04-29,18:00:00,68.296,68.296,66.244,66.89,852843,0
2016-04-29,19:00:00,66.902,67.24,66.135,66.384,580089,0
2016-04-29,20:00:00,66.384,67.031,66.329,66.413,554117,0
2016-04-29,21:00:00,66.423,66.692,65.779,66.125,690265,0
2016-04-29,22:00:00,66.135,66.662,65.995,66.553,1441694,0
2016-05-02,16:00:00,66.503,66.722,65.437,66.02,406138,0
2016-05-02,17:00:00,66.025,66.613,65.816,66.458,727764,0
2016-05-02,18:00:00,66.453,66.872,66.194,66.573,548263,0
2016-05-02,19:00:00,66.563,66.613,66.404,66.443,315336,0
2016-05-02,20:00:00,66.443,66.792,66.394,66.438,347376,0
2016-05-02,21:00:00,66.443,66.872,66.423,66.662,365576,0
2016-05-02,22:00:00,66.643,67.011,66.623,66.852,616008,0
2016-05-03,16:00:00,66.672,66.926,66.277,66.737,506577,0
2016-05-03,17:00:00,66.722,66.911,66.413,66.506,692018,0
2016-05-03,18:00:00,66.533,66.672,66.435,66.496,257015,0
2016-05-03,19:00:00,66.513,66.692,66.443,66.613,209024,0
2016-05-03,20:00:00,66.613,67.121,66.523,66.961,298303,0
2016-05-03,21:00:00,66.971,66.971,66.354,66.513,224298,0
2016-05-03,22:00:00,66.533,66.782,66.344,66.752,655580,0
2016-05-04,16:00:00,66.224,66.732,65.995,66.606,153442,0
2016-05-04,17:00:00,66.643,66.742,65.776,65.995,272420,0
2016-05-04,18:00:00,66.005,66.055,65.188,65.188,244785,0
2016-05-04,19:00:00,65.208,65.547,65.149,65.218,253207,0
2016-05-04,20:00:00,65.198,65.258,64.81,64.84,206254,0
2016-05-04,21:00:00,64.821,64.949,64.561,64.631,384228,0
2016-05-04,22:00:00,64.621,65.089,64.521,64.969,605533,0
2016-05-05,16:00:00,65.856,65.925,64.651,65.009,271463,0
2016-05-05,17:00:00,64.969,65.373,64.8,65.109,461310,0
2016-05-05,18:00:00,65.129,65.378,64.85,64.919,295438,0
2016-05-05,19:00:00,64.949,65.009,64.78,64.87,263236,0
2016-05-05,20:00:00,64.89,64.89,64.212,64.272,287436,0
2016-05-05,21:00:00,64.282,64.501,64.182,64.302,246483,0
2016-05-05,22:00:00,64.302,64.362,63.993,64.093,667098,0
2016-05-06,16:00:00,63.943,64.242,63.31,63.555,173116,0
2016-05-06,17:00:00,63.57,64.053,62.858,63.137,359464,0
2016-05-06,18:00:00,63.117,63.226,62.37,62.39,369629,0
2016-05-06,19:00:00,62.419,63.117,62.39,63.087,283422,0
2016-05-06,20:00:00,63.107,63.714,63.037,63.704,424800,0
2016-05-06,21:00:00,63.694,64.282,63.625,64.133,460357,0
2016-05-06,22:00:00,64.133,64.392,64.033,64.372,610957,0
2016-05-09,16:00:00,64.163,65.289,64.163,65.268,280509,0
2016-05-09,17:00:00,65.305,65.305,64.571,64.87,364946,0
2016-05-09,18:00:00,64.84,65.109,64.621,64.84,254045,0
2016-05-09,19:00:00,64.83,65.099,64.71,64.919,318920,0
2016-05-09,20:00:00,64.903,65.039,64.81,64.865,122709,0
2016-05-09,21:00:00,64.875,65.129,64.71,65.095,179372,0
2016-05-09,22:00:00,65.109,65.119,64.75,64.79,553406,0
2016-05-10,16:00:00,64.9,65,63.95,64.28,177951,0
2016-05-10,17:00:00,64.26,64.74,63.75,64.61,387031,0
2016-05-10,18:00:00,64.59,64.7999,64.33,64.6299,291326,0
2016-05-10,19:00:00,64.63,65.09,64.62,65.01,300616,0
2016-05-10,20:00:00,65.015,65.11,64.77,64.96,174438,0
2016-05-10,21:00:00,64.96,65.01,64.75,64.76,154932,0
2016-05-10,22:00:00,64.77,64.93,64.66,64.86,516486,0
2016-05-11,16:00:00,64.66,65.31,64.49,65.29,221174,0
2016-05-11,17:00:00,65.27,65.27,64.7,64.95,264744,0
2016-05-11,18:00:00,64.91,65.2,64.68,65.14,418060,0
2016-05-11,19:00:00,65.12,65.22,64.92,64.95,139803,0
2016-05-11,20:00:00,64.95,65.13,64.74,64.74,111099,0
2016-05-11,21:00:00,64.72,64.75,64.35,64.38,156161,0
2016-05-11,22:00:00,64.41,64.64,64.4001,64.59,495538,0
2016-05-12,16:00:00,64.85,64.95,63.2,63.26,343609,0
2016-05-12,17:00:00,63.215,63.3,61.72,61.77,873186,0
2016-05-12,18:00:00,61.77,62.03,61.37,61.445,664187,0
2016-05-12,19:00:00,61.44,61.76,61.37,61.51,450330,0
2016-05-12,20:00:00,61.51,61.585,60.92,61.54,895217,0
2016-05-12,21:00:00,61.54,62.29,61.46,62.09,570619,0
2016-05-12,22:00:00,62.08,62.13,61.51,61.66,684515,0
2016-05-13,16:00:00,60.97,61.99,60.85,61.5,753952,0
2016-05-13,17:00:00,61.52,61.62,60.43,61.19,774103,0
2016-05-13,18:00:00,61.1501,61.981,61.1501,61.86,480056,0
2016-05-13,19:00:00,61.853,62.24,61.48,61.54,245530,0
2016-05-13,20:00:00,61.53,61.96,60.79,60.89,737197,0
2016-05-13,21:00:00,60.89,61.28,60.53,60.61,339215,0
2016-05-13,22:00:00,60.6,60.91,60.465,60.75,1016324,0
2016-05-16,16:00:00,61.11,62.67,60.9552,62.63,534640,0
2016-05-16,17:00:00,62.65,62.69,61.87,62.3,448552,0
2016-05-16,18:00:00,62.3,62.35,61.55,62.08,341231,0
2016-05-16,19:00:00,62.09,62.16,61.94,62.12,208283,0
2016-05-16,20:00:00,62.13,62.26,62.04,62.2,259289,0
2016-05-16,21:00:00,62.21,62.73,62.21,62.725,316126,0
2016-05-16,22:00:00,62.73,62.86,62.39,62.42,599828,0
2016-05-17,16:00:00,62.13,63.31,61.94,62.97,444745,0
2016-05-17,17:00:00,62.94,63.31,62.53,63.15,407238,0
2016-05-17,18:00:00,63.13,63.58,62.97,63.16,486190,0
2016-05-17,19:00:00,63.1899,63.29,62.98,63.1,202817,0
2016-05-17,20:00:00,63.09,63.1299,62.71,62.721,251691,0
2016-05-17,21:00:00,62.72,62.75,62.03,62.21,336091,0
2016-05-17,22:00:00,62.2073,62.5126,62.1736,62.31,530140,0
2016-05-18,16:00:00,62.1,63.6,62.01,63.57,118379,0
2016-05-18,17:00:00,63.58,64.36,63.34,63.89,504253,0
2016-05-18,18:00:00,63.9,64.2326,63.64,64.04,384395,0
2016-05-18,19:00:00,64.05,64.05,63.66,64.01,218140,0
2016-05-18,20:00:00,64.04,64.15,63.85,63.88,255734,0
2016-05-18,21:00:00,63.85,63.85,63.09,63.68,281819,0
2016-05-18,22:00:00,63.65,63.85,63.24,63.57,350597,0
2016-05-19,16:00:00,63,63.84,62.55,62.59,197685,0
2016-05-19,17:00:00,62.53,62.8,62.1852,62.29,417701,0
2016-05-19,18:00:00,62.29,62.5,61.8302,62.18,400309,0
2016-05-19,19:00:00,62.16,62.58,62.01,62.11,312144,0
2016-05-19,20:00:00,62.12,62.7324,62.1089,62.4,180598,0
2016-05-19,21:00:00,62.41,62.6399,62.3,62.36,199959,0
2016-05-19,22:00:00,62.35,63.01,62.35,62.8,446374,0
2016-05-20,16:00:00,63.47,64.77,62.91,64.7,335126,0
2016-05-20,17:00:00,64.73,64.8,63.905,63.95,291291,0
2016-05-20,18:00:00,63.95,64.58,63.95,64.4201,238208,0
2016-05-20,19:00:00,64.44,64.52,64.3,64.3,117102,0
2016-05-20,20:00:00,64.29,64.49,63.9,64.13,145621,0
2016-05-20,21:00:00,64.15,64.55,64.1093,64.47,195141,0
2016-05-20,22:00:00,64.47,64.6,64.3172,64.56,539057,0
2016-05-23,16:00:00,65.85,67.36,65.85,67.22,634035,0
2016-05-23,17:00:00,67.2,67.46,66.6,66.67,569414,0
2016-05-23,18:00:00,66.66,66.83,66.1979,66.31,300019,0
2016-05-23,19:00:00,66.31,66.37,66.03,66.21,283077,0
2016-05-23,20:00:00,66.2134,66.32,65.76,66.01,327656,0
2016-05-23,21:00:00,66.02,66.17,65.91,66,320899,0
2016-05-23,22:00:00,66.01,66.0967,65.78,65.81,548838,0
2016-05-24,16:00:00,66.07,66.67,65.88,65.9254,307217,0
2016-05-24,17:00:00,65.91,66.36,65.85,66.0908,589981,0
2016-05-24,18:00:00,66.09,66.29,65.93,66.165,258741,0
2016-05-24,19:00:00,66.15,66.27,66.05,66.24,175653,0
2016-05-24,20:00:00,66.23,66.4,66.12,66.28,269103,0
2016-05-24,21:00:00,66.28,66.6,66.23,66.46,227603,0
2016-05-24,22:00:00,66.45,66.67,66.395,66.46,427275,0
2016-05-25,16:00:00,66.45,66.7849,65.11,65.75,414949,0
2016-05-25,17:00:00,65.7699,66.3799,65.7699,66.08,404668,0
2016-05-25,18:00:00,66.05,66.28,65.82,66.28,256433,0
2016-05-25,19:00:00,66.29,66.41,66.09,66.41,153237,0
2016-05-25,20:00:00,66.42,66.65,66.31,66.4,184762,0
2016-05-25,21:00:00,66.3995,66.41,66.11,66.14,219472,0
2016-05-25,22:00:00,66.14,66.44,66.11,66.27,421873,0
2016-05-26,16:00:00,66,66.8,66,66.195,146802,0
2016-05-26,17:00:00,66.25,66.74,66.14,66.1599,263439,0
2016-05-26,18:00:00,66.1399,66.28,65.89,66.22,151040,0
2016-05-26,19:00:00,66.25,66.37,66.07,66.13,124785,0
2016-05-26,20:00:00,66.14,66.29,66.07,66.27,135535,0
2016-05-26,21:00:00,66.2601,66.36,66.18,66.25,205229,0
2016-05-26,22:00:00,66.2489,66.3389,66.12,66.17,389233,0
2016-05-27,16:00:00,65.93,66.46,65.81,66.1437,153458,0
2016-05-27,17:00:00,66.215,66.55,66.11,66.12,154996,0
2016-05-27,18:00:00,66.13,66.33,66.08,66.15,127303,0
2016-05-27,19:00:00,66.12,66.25,66,66.22,96488,0
2016-05-27,20:00:00,66.232,66.37,66.15,66.19,85760,0
2016-05-27,21:00:00,66.14,66.38,66.08,66.2699,69669,0
2016-05-27,22:00:00,66.25,66.5,66.24,66.5,180075,0
2016-05-31,16:00:00,66.32,67,66.3,66.65,191202,0
2016-05-31,17:00:00,66.65,67.07,66.65,66.825,181731,0
2016-05-31,18:00:00,66.8,66.91,66.57,66.64,136852,0
2016-05-31,19:00:00,66.63,66.85,66.57,66.82,101827,0
2016-05-31,20:00:00,66.83,67.1,66.77,66.99,93326,0
2016-05-31,21:00:00,66.98,66.98,66.31,66.36,184502,0
2016-05-31,22:00:00,66.36,66.89,66.3234,66.76,527713,0
2016-06-01,16:00:00,66.37,67.48,66.37,67.02,169514,0
2016-06-01,17:00:00,67.03,67.61,66.83,67.02,198694,0
2016-06-01,18:00:00,67.05,67.605,67.03,67.35,239367,0
2016-06-01,19:00:00,67.36,67.5,67.13,67.26,197197,0
2016-06-01,20:00:00,67.29,67.47,67.16,67.396,271710,0
2016-06-01,21:00:00,67.37,67.64,67.29,67.46,195404,0
2016-06-01,22:00:00,67.46,67.51,67.18,67.27,424620,0
2016-06-02,16:00:00,67.03,67.56,66.67,67.04,203079,0
2016-06-02,17:00:00,67.07,67.33,66.81,67.05,217141,0
2016-06-02,18:00:00,67.08,67.19,66.8,66.81,174580,0
2016-06-02,19:00:00,66.81,67.02,66.71,67,135383,0
2016-06-02,20:00:00,67,67.02,66.7,66.81,147249,0
2016-06-02,21:00:00,66.83,67.03,66.63,66.79,184552,0
2016-06-02,22:00:00,66.78,66.857,66.26,66.58,755324,0
2016-06-03,16:00:00,67.74,68.5,67.6,68.165,768422,0
2016-06-03,17:00:00,68.16,68.17,67.3,67.35,665864,0
2016-06-03,18:00:00,67.38,67.47,66.78,67.205,469831,0
2016-06-03,19:00:00,67.22,67.3,66.51,66.68,291390,0
2016-06-03,20:00:00,66.7,66.84,66.27,66.72,240450,0
2016-06-03,21:00:00,66.7,67.02,66.555,66.95,228279,0
2016-06-03,22:00:00,66.96,67.07,66.77,66.94,660134,0
2016-06-06,16:00:00,66.94,67.26,66.25,67,222915,0
2016-06-06,17:00:00,66.97,67.1,66.37,66.58,261232,0
2016-06-06,18:00:00,66.6,66.72,66.4,66.62,146014,0
2016-06-06,19:00:00,66.61,66.78,66.38,66.52,134978,0
2016-06-06,20:00:00,66.5,66.7,66.44,66.52,129591,0
2016-06-06,21:00:00,66.51,66.71,66.38,66.42,190959,0
2016-06-06,22:00:00,66.44,66.45,66.06,66.11,583325,0
2016-06-07,16:00:00,66.39,67.398,66.17,67.29,199753,0
2016-06-07,17:00:00,67.295,67.87,67.25,67.47,417742,0
2016-06-07,18:00:00,67.49,67.79,67.34,67.62,211755,0
2016-06-07,19:00:00,67.64,68.17,67.5954,68.13,225334,0
2016-06-07,20:00:00,68.1482,68.6,68.1,68.5308,302641,0
2016-06-07,21:00:00,68.5275,68.96,68.5275,68.78,457643,0
2016-06-07,22:00:00,68.77,68.91,68.58,68.67,860633,0
2016-06-08,16:00:00,68.53,68.98,68.02,68.27,343405,0
2016-06-08,17:00:00,68.2847,68.285,67.7101,67.93,287889,0
2016-06-08,18:00:00,67.93,68.35,67.76,68.08,242013,0
2016-06-08,19:00:00,68.06,68.66,67.98,68.65,157310,0
2016-06-08,20:00:00,68.65,68.66,68.32,68.34,209583,0
2016-06-08,21:00:00,68.333,68.5,68.14,68.35,154241,0
2016-06-08,22:00:00,68.33,68.53,68.29,68.38,406985,0
2016-06-09,16:00:00,66.5,67.99,66.35,67.63,362668,0
2016-06-09,17:00:00,67.595,67.99,67.2794,67.81,441614,0
2016-06-09,18:00:00,67.83,67.99,67.58,67.81,196435,0
2016-06-09,19:00:00,67.81,67.817,67.13,67.51,224008,0
2016-06-09,20:00:00,67.5,67.56,67.1162,67.17,207934,0
2016-06-09,21:00:00,67.168,67.76,67.1,67.76,179191,0
2016-06-09,22:00:00,67.75,68.09,67.65,67.97,566638,0
2016-06-10,16:00:00,66.91,67.08,65.91,66.04,385149,0
2016-06-10,17:00:00,66.04,66.28,65.69,66.05,433030,0
2016-06-10,18:00:00,66.04,66.1,65.851,66.02,230522,0
2016-06-10,19:00:00,66.015,66.24,65.85,66.19,153528,0
2016-06-10,20:00:00,66.18,66.28,65.785,65.83,141513,0
2016-06-10,21:00:00,65.81,65.84,65.56,65.67,157143,0
2016-06-10,22:00:00,65.66,65.68,65.42,65.55,492666,0
2016-06-13,16:00:00,65.02,66.13,64.91,65.635,187399,0
2016-06-13,17:00:00,65.61,65.96,65.5,65.62,133808,0
2016-06-13,18:00:00,65.63,65.7,65.16,65.23,86851,0
2016-06-13,19:00:00,65.21,65.54,65.14,65.5,68837,0
2016-06-13,20:00:00,65.51,65.54,65.11,65.11,70721,0
2016-06-13,21:00:00,65.11,65.36,65.07,65.16,85719,0
2016-06-13,22:00:00,65.15,65.19,64.821,64.97,311411,0
2016-06-14,16:00:00,64.75,65.17,64.56,64.93,162904,0
2016-06-14,17:00:00,64.96,65.09,64.115,64.2301,210793,0
2016-06-14,18:00:00,64.25,64.42,64.01,64.42,193412,0
2016-06-14,19:00:00,64.42,64.8,64.27,64.65,126892,0
2016-06-14,20:00:00,64.66,64.88,64.58,64.675,96313,0
2016-06-14,21:00:00,64.66,65.04,64.65,64.82,121609,0
2016-06-14,22:00:00,64.82,65.19,64.72,65.01,367960,0
2016-06-15,16:00:00,65.19,65.36,64.76,65.06,155171,0
2016-06-15,17:00:00,65.45,65.502,65.09,65.33,178739,0
2016-06-15,18:00:00,65.34,65.51,64.955,65.43,212622,0
2016-06-15,19:00:00,65.42,65.455,65.13,65.145,78196,0
2016-06-15,20:00:00,65.14,65.34,65.08,65.305,96189,0
2016-06-15,21:00:00,65.29,65.43,65.03,65.31,136680,0
2016-06-15,22:00:00,65.29,65.38,64.87,64.99,325194,0
2016-06-16,16:00:00,64.25,64.35,63.45,63.81,281941,0
2016-06-16,17:00:00,63.77,64.11,63.371,63.57,214710,0
2016-06-16,18:00:00,63.55,63.8999,63.36,63.46,176909,0
2016-06-16,19:00:00,63.49,64.3,63.41,64.2,112695,0
2016-06-16,20:00:00,64.18,64.38,63.905,63.92,132459,0
2016-06-16,21:00:00,63.91,64.52,63.85,64.39,142216,0
2016-06-16,22:00:00,64.38,64.94,64.38,64.78,353279,0
2016-06-17,16:00:00,64.74,64.74,63.4,63.74,355980,0
2016-06-17,17:00:00,63.73,63.9899,63.31,63.77,298503,0
2016-06-17,18:00:00,63.78,63.84,63.37,63.59,181843,0
2016-06-17,19:00:00,63.594,63.87,63.55,63.58,122874,0
2016-06-17,20:00:00,63.59,64.1,63.49,63.99,166184,0
2016-06-17,21:00:00,63.98,64.18,63.88,64.03,94152,0
2016-06-17,22:00:00,64.02,64.02,63.85,63.97,561336,0
2016-06-20,16:00:00,64.95,65.422,64.74,65.125,235141,0
2016-06-20,17:00:00,65.125,66.62,65.055,66.44,801989,0
2016-06-20,18:00:00,66.42,66.56,65.97,66.21,268515,0
2016-06-20,19:00:00,66.21,66.38,65.9101,66.01,228599,0
2016-06-20,20:00:00,66.02,66.1,65.79,66.015,269873,0
2016-06-20,21:00:00,66,66.08,65.64,66.05,311346,0
2016-06-20,22:00:00,66.055,66.0699,65.62,65.95,850895,0
2016-06-21,16:00:00,66.14,67.1,65.77,67.07,266159,0
2016-06-21,17:00:00,67.07,67.07,65.83,65.83,237544,0
2016-06-21,18:00:00,65.82,66.09,65.5921,65.68,143029,0
2016-06-21,19:00:00,65.69,65.81,65.46,65.48,105581,0
2016-06-21,20:00:00,65.48,65.71,65.34,65.52,106678,0
2016-06-21,21:00:00,65.5201,65.75,65.43,65.66,95914,0
2016-06-21,22:00:00,65.66,65.74,65.44,65.46,293344,0
2016-06-22,16:00:00,65.41,66.56,65.41,66.44,175736,0
2016-06-22,17:00:00,66.4,66.77,66.11,66.58,179073,0
2016-06-22,18:00:00,66.58,66.69,66.22,66.48,387108,0
2016-06-22,19:00:00,66.5,66.51,65.79,65.84,118721,0
2016-06-22,20:00:00,65.82,66,65.46,65.87,154744,0
2016-06-22,21:00:00,65.88,65.92,65.53,65.7,221992,0
2016-06-22,22:00:00,65.69,65.79,65.29,65.35,254604,0
2016-06-23,16:00:00,66.23,66.51,65.83,66.18,144956,0
2016-06-23,17:00:00,66.2,66.58,66.1075,66.54,241517,0
2016-06-23,18:00:00,66.53,66.85,66.53,66.76,130493,0
2016-06-23,19:00:00,66.78,66.86,66.65,66.68,101291,0
2016-06-23,20:00:00,66.68,66.84,66.61,66.82,120553,0
2016-06-23,21:00:00,66.84,66.96,66.76,66.89,150179,0
2016-06-23,22:00:00,66.89,67.23,66.78,67.21,325092,0
2016-06-24,16:00:00,64,65.09,63.3,64.26,329452,0
2016-06-24,17:00:00,64.28,64.608,63.37,63.37,347009,0
2016-06-24,18:00:00,63.41,63.45,62.88,63.07,286629,0
2016-06-24,19:00:00,63.07,63.15,62.12,62.2705,277601,0
2016-06-24,20:00:00,62.26,62.6108,62.082,62.13,274559,0
2016-06-24,21:00:00,62.13,62.22,61.5501,61.99,437048,0
2016-06-24,22:00:00,61.97,62.07,61.37,61.61,1136385,0
2016-06-27,16:00:00,60.16,60.8,58.2,58.22,644817,0
2016-06-27,17:00:00,58.23,58.4399,57.19,57.2725,798993,0
2016-06-27,18:00:00,57.26,57.94,57.1106,57.68,563961,0
2016-06-27,19:00:00,57.68,57.97,57.25,57.91,502386,0
2016-06-27,20:00:00,57.89,58.29,57.73,57.9,344853,0
2016-06-27,21:00:00,57.9,57.98,57.52,57.61,506234,0
2016-06-27,22:00:00,57.62,58.32,57.62,58.01,1043770,0
2016-06-28,16:00:00,59.29,60.66,59.28,60.62,425654,0
2016-06-28,17:00:00,60.63,60.77,59.85,59.92,442744,0
2016-06-28,18:00:00,59.92,59.9898,59.55,59.69,295786,0
2016-06-28,19:00:00,59.71,59.91,59.6,59.73,225795,0
2016-06-28,20:00:00,59.73,59.76,59.33,59.42,239868,0
2016-06-28,21:00:00,59.42,60.04,59.13,59.98,280632,0
2016-06-28,22:00:00,59.98,60.285,59.94,60.26,690360,0
2016-06-29,16:00:00,61.08,61.87,60.75,61.41,264318,0
2016-06-29,17:00:00,61.41,61.7,60.865,61.23,206074,0
2016-06-29,18:00:00,61.21,61.69,61.2,61.55,163949,0
2016-06-29,19:00:00,61.55,61.69,61.4665,61.55,101092,0
2016-06-29,20:00:00,61.54,61.98,61.51,61.96,137835,0
2016-06-29,21:00:00,61.96,62.23,61.87,61.93,239972,0
2016-06-29,22:00:00,61.94,62.19,61.69,61.74,584681,0
