Date,Time,Open,High,Low,Close,Volume,OpenInt
2015-12-07,16:00:00,227.7,230.4794,226.15,228.51,392917,0
2015-12-07,17:00:00,228.46,229.99,226.88,229.97,348713,0
2015-12-07,18:00:00,229.85,233.97,229.7,233.75,484052,0
2015-12-07,19:00:00,233.8,235.63,232.29,234.5792,364398,0
2015-12-07,20:00:00,234.42,234.74,232.25,232.908,224297,0
2015-12-07,21:00:00,232.8303,233.86,230.7,230.94,240533,0
2015-12-07,22:00:00,231.01,231.65,230.54,231.13,596564,0
2015-12-08,16:00:00,227.52,228.8,226.61,227.33,400061,0
2015-12-08,17:00:00,227.18,227.3796,224.2,226.19,620551,0
2015-12-08,18:00:00,226.32,228.17,225.53,228.16,355788,0
2015-12-08,19:00:00,228.2,228.23,226.4,226.77,188832,0
2015-12-08,20:00:00,226.87,227.2,225.855,227,142666,0
2015-12-08,21:00:00,227,227.72,226.38,226.96,158885,0
2015-12-08,22:00:00,226.93,227.49,226.22,226.72,398559,0
2015-12-09,16:00:00,226.7,227.5,225.57,226.84,170647,0
2015-12-09,17:00:00,227.07,227.3,225.55,226.791,392108,0
2015-12-09,18:00:00,226.8,227.17,220.82,221.595,498294,0
2015-12-09,19:00:00,221.57,223.27,220.72,222.48,409984,0
2015-12-09,20:00:00,222.51,225.24,222.36,224.3701,297004,0
2015-12-09,21:00:00,224.39,225.06,223.6,224.583,310076,0
2015-12-09,22:00:00,224.5188,225.17,224.1511,224.52,560247,0
2015-12-10,16:00:00,224.71,227.43,224.32,226.21,88009,0
2015-12-10,17:00:00,226.34,227.34,225.23,225.68,229744,0
2015-12-10,18:00:00,225.75,227.74,225.62,227.114,224056,0
2015-12-10,19:00:00,227.14,227.49,226.84,227.38,129137,0
2015-12-10,20:00:00,227.4,227.58,226.68,227,149634,0
2015-12-10,21:00:00,227.0099,228.49,226.958,228.245,318693,0
2015-12-10,22:00:00,228.21,228.38,226,227.07,440260,0
2015-12-11,16:00:00,225.24,225.75,222.21,222.56,321647,0
2015-12-11,17:00:00,222.57,223.93,222.33,222.899,382956,0
2015-12-11,18:00:00,222.85,223.18,221.58,221.945,302691,0
2015-12-11,19:00:00,222.01,222.3664,220.845,221.29,331413,0
2015-12-11,20:00:00,221.32,221.88,219.04,220.19,352502,0
2015-12-11,21:00:00,220.3,221.4,220,220.4,235963,0
2015-12-11,22:00:00,220.4,220.61,216.64,217.02,899472,0
2015-12-14,16:00:00,217.51,220.92,217.13,218.8599,388839,0
2015-12-14,17:00:00,218.65,220.01,217.05,217.41,368626,0
2015-12-14,18:00:00,217.39,218.38,214.87,216.83,345848,0
2015-12-14,19:00:00,216.92,219.44,216.37,218.82,308123,0
2015-12-14,20:00:00,219.0899,219.44,216.24,217.03,177836,0
2015-12-14,21:00:00,217.03,217.97,216.02,217.8399,233192,0
2015-12-14,22:00:00,217.75,218.81,216.77,218.81,257295,0
2015-12-15,16:00:00,221.82,222.22,220.3,221.6,286155,0
2015-12-15,17:00:00,221.65,221.72,218,219.9074,440921,0
2015-12-15,18:00:00,219.85,220.419,218.81,219.5525,224766,0
2015-12-15,19:00:00,219.42,222.21,219.39,221.4999,237274,0
2015-12-15,20:00:00,221.49,221.74,219.94,220.33,103469,0
2015-12-15,21:00:00,220.31,221.155,220.0645,220.29,115709,0
2015-12-15,22:00:00,220.34,221.52,219.985,221.09,446566,0
2015-12-16,16:00:00,222.1,226.99,220.73,226.48,517931,0
2015-12-16,17:00:00,226.48,232,226.2,230.36,1087760,0
2015-12-16,18:00:00,230.23,231.6199,229.805,229.95,639634,0
2015-12-16,19:00:00,229.88,230.2,228.4001,229.95,271075,0
2015-12-16,20:00:00,230.03,230.49,229.73,230.08,313953,0
2015-12-16,21:00:00,230.07,231.2399,227.61,231.08,239028,0
2015-12-16,22:00:00,231.04,234.77,230.25,234.59,346638,0
2015-12-17,16:00:00,233.94,234,229.8149,233.14,443223,0
2015-12-17,17:00:00,233.05,234,230.05,231.88,467474,0
2015-12-17,18:00:00,231.82,234.25,230.72,233.695,288516,0
2015-12-17,19:00:00,233.64,235.87,232.47,234.2663,319180,0
2015-12-17,20:00:00,234.2245,236.99,233.9901,236.82,311434,0
2015-12-17,21:00:00,236.87,237.76,234.61,235.55,435991,0
2015-12-17,22:00:00,235.79,235.97,233.22,233.39,420905,0
2015-12-18,16:00:00,232.89,235.9,231.65,234.76,364134,0
2015-12-18,17:00:00,234.878,235.3689,231.92,234.53,605493,0
2015-12-18,18:00:00,234.54,235.37,233.02,233.23,225574,0
2015-12-18,19:00:00,233.3799,233.3799,230.34,230.3816,228494,0
2015-12-18,20:00:00,230.4199,230.77,229.29,229.48,228847,0
2015-12-18,21:00:00,229.52,231.38,229.48,230.02,167760,0
2015-12-18,22:00:00,230.1439,230.69,229.43,230.33,375918,0
2015-12-21,16:00:00,231.69,235.45,231.6,233.84,324182,0
2015-12-21,17:00:00,233.76,235.83,233.02,233.92,401565,0
2015-12-21,18:00:00,233.95,234.45,231.08,232.68,221222,0
2015-12-21,19:00:00,232.7,233.7499,232.55,233.025,200823,0
2015-12-21,20:00:00,233.23,233.65,232.5,232.9,126915,0
2015-12-21,21:00:00,232.88,233.33,232.1,232.5199,104537,0
2015-12-21,22:00:00,232.32,232.7,231.36,232.4,231234,0
2015-12-22,16:00:00,234.99,235.07,232.84,234.73,230325,0
2015-12-22,17:00:00,234.674,236.55,231.75,232.39,447372,0
2015-12-22,18:00:00,232.44,233.41,232.4,232.594,120656,0
2015-12-22,19:00:00,232.69,232.858,230.25,230.9,297264,0
2015-12-22,20:00:00,230.985,232.22,230.36,232.069,144304,0
2015-12-22,21:00:00,232.14,232.36,231.5,232.205,78390,0
2015-12-22,22:00:00,232.3,232.36,229.7,229.77,326433,0
2015-12-23,16:00:00,232.18,233.45,230.765,232.26,187738,0
2015-12-23,17:00:00,232.26,232.31,231.0101,231.62,211378,0
2015-12-23,18:00:00,231.62,231.7899,230.214,230.54,138609,0
2015-12-23,19:00:00,230.57,231.28,229.3,229.34,135295,0
2015-12-23,20:00:00,229.33,230.22,228.13,230.0075,208220,0
2015-12-23,21:00:00,229.99,230.6599,229.65,230.02,105178,0
2015-12-23,22:00:00,230.06,230.06,229.31,229.7,236218,0
2015-12-24,16:00:00,230.56,230.56,228.97,229.68,81475,0
2015-12-24,17:00:00,229.5901,230.2,228.28,230.11,228264,0
2015-12-24,18:00:00,230.0084,231.0844,229.68,230.87,107066,0
2015-12-24,19:00:00,230.79,231.88,230.5,230.64,159095,0
2015-12-24,20:00:00,230.67,230.68,230.57,230.57,9801,0
2015-12-28,16:00:00,231.49,231.98,229.68,229.79,119643,0
2015-12-28,17:00:00,229.76,230,228.13,228.59,244597,0
2015-12-28,18:00:00,228.6,229.03,227.5,227.71,209426,0
2015-12-28,19:00:00,227.71,228.26,225.54,225.62,294809,0
2015-12-28,20:00:00,225.69,227.41,225.55,226.42,174563,0
2015-12-28,21:00:00,226.55,228,226.46,227.74,146239,0
2015-12-28,22:00:00,227.84,229.35,227.7501,229,291240,0
2015-12-29,16:00:00,230.06,231.11,229.547,230.97,125400,0
2015-12-29,17:00:00,230.775,232.976,230.74,232.416,296778,0
2015-12-29,18:00:00,232.3101,233.94,232.3101,232.76,259751,0
2015-12-29,19:00:00,232.7905,233.446,232.5,233.225,133117,0
2015-12-29,20:00:00,233.17,234.71,233.17,234.57,191817,0
2015-12-29,21:00:00,234.57,236.69,234.31,236.65,362606,0
2015-12-29,22:00:00,236.565,237.72,236.03,237.19,678923,0
2015-12-30,16:00:00,236.6,241.68,235.6707,239.51,602175,0
2015-12-30,17:00:00,239.53,242.89,239.475,241.27,797365,0
2015-12-30,18:00:00,241.29,242.89,241.2,242.6499,399500,0
2015-12-30,19:00:00,242.64,243.634,241.3,241.53,412390,0
2015-12-30,20:00:00,241.48,241.725,239.8908,240.86,252390,0
2015-12-30,21:00:00,240.86,240.8976,239.06,239.38,244202,0
2015-12-30,22:00:00,239.4,239.65,237.83,238.12,406706,0
2015-12-31,16:00:00,238.51,243.45,238.37,241.5635,478821,0
2015-12-31,17:00:00,241.61,242.25,239.79,241.26,400777,0
2015-12-31,18:00:00,241.22,243.19,241.22,243.19,277328,0
2015-12-31,19:00:00,243.0432,243.18,241.0018,241.0018,183167,0
2015-12-31,20:00:00,241.01,241.39,240.389,240.86,224882,0
2015-12-31,21:00:00,240.94,241.0427,239.43,240.05,234493,0
2015-12-31,22:00:00,240.04,240.195,239.12,240.01,545255,0
2016-01-04,16:00:00,230.72,231.38,224.33,224.71,1189188,0
2016-01-04,17:00:00,224.71,224.77,219.3,220.822,1501535,0
2016-01-04,18:00:00,220.67,223.3,220.39,220.99,702259,0
2016-01-04,19:00:00,221.16,222.98,219,222.42,561593,0
2016-01-04,20:00:00,222.45,225.4375,222.09,225.122,429885,0
2016-01-04,21:00:00,225.06,225.14,222.0268,222.975,363859,0
2016-01-04,22:00:00,222.85,223.66,220.83,223.41,790685,0
2016-01-05,16:00:00,226.36,226.89,220.85,222.45,679454,0
2016-01-05,17:00:00,222.55,224.65,222.0682,223.41,431510,0
2016-01-05,18:00:00,223.4,224.21,222.2,222.47,268434,0
2016-01-05,19:00:00,222.3401,222.53,220,221.39,389599,0
2016-01-05,20:00:00,221.55,223.7299,220.96,223.13,284224,0
2016-01-05,21:00:00,223.1,232.3,222.69,223.68,239526,0
2016-01-05,22:00:00,223.6839,223.89,222.68,223.43,349548,0
2016-01-06,16:00:00,220,220.05,216.25,218.03,729982,0
2016-01-06,17:00:00,218.03,219.88,215.98,218.05,662040,0
2016-01-06,18:00:00,218.04,219.4,217.13,217.25,335929,0
2016-01-06,19:00:00,217.23,217.62,216.74,216.9,265550,0
2016-01-06,20:00:00,216.8,217.39,216.4,216.86,212140,0
2016-01-06,21:00:00,216.884,217.7095,216.25,216.65,270239,0
2016-01-06,22:00:00,216.51,219.3599,216.3,219.04,552567,0
2016-01-07,16:00:00,214.19,218.44,213.67,216.82,403343,0
2016-01-07,17:00:00,216.72,217.98,214.86,217.659,432178,0
2016-01-07,18:00:00,217.4301,217.84,216.28,217.04,208594,0
2016-01-07,19:00:00,217.01,217.83,216.78,217.12,249583,0
2016-01-07,20:00:00,217.22,217.31,213.7401,214.9,517529,0
2016-01-07,21:00:00,214.89,216.48,214.3,214.909,324751,0
2016-01-07,22:00:00,215.05,216.18,214.51,215.65,720491,0
2016-01-08,16:00:00,217.86,220.44,216.23,219.78,413981,0
2016-01-08,17:00:00,219.5773,220.02,217.05,218.23,307748,0
2016-01-08,18:00:00,218.048,218.79,214.421,216.24,302450,0
2016-01-08,19:00:00,216.1724,216.41,212.81,213.33,351172,0
2016-01-08,20:00:00,213.26,213.9,212.12,213.82,325316,0
2016-01-08,21:00:00,213.66,214.2,212,213.08,298144,0
2016-01-08,22:00:00,213,213.86,210.77,211,773983,0
2016-01-11,16:00:00,213.97,214.45,207.69,208.5575,519954,0
2016-01-11,17:00:00,208.67,208.786,205.5,205.889,745732,0
2016-01-11,18:00:00,205.87,209.18,205.31,208.73,394962,0
2016-01-11,19:00:00,208.68,208.69,205.31,206.01,225027,0
2016-01-11,20:00:00,206.01,206.5699,203,203.985,457225,0
2016-01-11,21:00:00,204.02,206.41,203.84,204.71,346079,0
2016-01-11,22:00:00,204.7019,209,203.55,207.85,731667,0
2016-01-12,16:00:00,211.6,213.7395,210.2794,211.8,416385,0
2016-01-12,17:00:00,211.9572,213.03,209.5,210.51,484934,0
2016-01-12,18:00:00,210.4082,210.96,207.74,209.34,258316,0
2016-01-12,19:00:00,209.24,209.91,206.36,207.8894,215992,0
2016-01-12,20:00:00,207.97,209.49,205.85,206.13,290529,0
2016-01-12,21:00:00,206.1162,208,205.31,207.96,298000,0
2016-01-12,22:00:00,207.98,210.29,206.74,209.97,468341,0
2016-01-13,16:00:00,212.01,212.65,208.33,209.11,220583,0
2016-01-13,17:00:00,209.6,210.16,206.87,208.05,391533,0
2016-01-13,18:00:00,208.12,208.588,205,205.21,271704,0
2016-01-13,19:00:00,205.36,205.5964,204,204.03,322503,0
2016-01-13,20:00:00,204.15,204.62,201.5,201.775,358948,0
2016-01-13,21:00:00,201.5901,203.13,200,201.74,533880,0
2016-01-13,22:00:00,201.91,202.7,200,200.31,849146,0
2016-01-14,16:00:00,202.21,203.26,193.38,194.68,1039320,0
2016-01-14,17:00:00,194.67,204.64,193.88,201.5612,1440849,0
2016-01-14,18:00:00,201.56,202.5,199.76,201.31,603894,0
2016-01-14,19:00:00,201.38,205.23,201.36,204.152,381510,0
2016-01-14,20:00:00,204.02,207.75,203.5,205.62,447940,0
2016-01-14,21:00:00,205.57,210,204.92,209.79,447415,0
2016-01-14,22:00:00,209.88,209.88,204.6,206.18,799137,0
2016-01-15,16:00:00,198.97,202.83,198.6201,199.7075,682609,0
2016-01-15,17:00:00,199.61,201.78,197.25,199.14,833257,0
2016-01-15,18:00:00,199.1,202.88,198.35,200.75,605311,0
2016-01-15,19:00:00,200.75,201.71,199.005,201.71,400960,0
2016-01-15,20:00:00,201.82,202.33,200,201.77,313487,0
2016-01-15,21:00:00,201.75,203.18,200.25,203.06,304720,0
2016-01-15,22:00:00,203.08,205.07,200.6,204.99,1050640,0
2016-01-19,16:00:00,208.71,208.85,203.39,204.44,451460,0
2016-01-19,17:00:00,204.34,210.47,204.33,208.91,709697,0
2016-01-19,18:00:00,208.8525,209.68,207.14,208.57,466201,0
2016-01-19,19:00:00,208.55,208.69,206.13,206.98,305354,0
2016-01-19,20:00:00,206.96,208.44,205.14,205.14,246900,0
2016-01-19,21:00:00,205.2477,205.39,200.78,202.2,492423,0
2016-01-19,22:00:00,202.13,205.66,201.67,204.72,565856,0
2016-01-20,16:00:00,199.4,201.28,193.02,193.31,858431,0
2016-01-20,17:00:00,193.37,196.92,191.25,193.14,865120,0
2016-01-20,18:00:00,193.23,196.74,193.12,194.7979,460878,0
2016-01-20,19:00:00,194.9,195.415,191.58,195.02,504633,0
2016-01-20,20:00:00,194.92,199.67,193.68,198.4899,575880,0
2016-01-20,21:00:00,198.385,198.49,194,196.21,435163,0
2016-01-20,22:00:00,196.22,200.17,195.39,198.7,1060177,0
2016-01-21,16:00:00,201.55,201.55,195.02,197.78,354260,0
2016-01-21,17:00:00,197.27,203.23,197.22,197.29,637058,0
2016-01-21,18:00:00,197.44,200.99,197,200.17,435880,0
2016-01-21,19:00:00,200.25,202.35,200.01,200.22,241022,0
2016-01-21,20:00:00,200.21,201.36,198.67,199.05,259188,0
2016-01-21,21:00:00,199.3,201,197.68,200.7499,291305,0
2016-01-21,22:00:00,200.54,200.95,199.0901,199.97,364765,0
2016-01-22,16:00:00,204.8005,205.5,201.77,202.56,324952,0
2016-01-22,17:00:00,202.53,203.83,200.82,202.608,522453,0
2016-01-22,18:00:00,202.7,203.87,200.84,201.34,271937,0
2016-01-22,19:00:00,201.31,202.35,200.47,201.49,210251,0
2016-01-22,20:00:00,201.6,203.11,201.33,202.41,217562,0
2016-01-22,21:00:00,202.43,202.47,199.03,201.1595,396591,0
2016-01-22,22:00:00,201.17,202.89,200.31,202.55,452944,0
2016-01-25,16:00:00,200.06,203.57,199.2,202.13,408301,0
2016-01-25,17:00:00,202.12,203.1133,200.14,200.33,276395,0
2016-01-25,18:00:00,200.31,200.67,199,199.32,245629,0
2016-01-25,19:00:00,199.3321,200,197.59,199.73,256233,0
2016-01-25,20:00:00,199.805,201.5187,199.15,199.15,176954,0
2016-01-25,21:00:00,199.18,199.97,197.6724,197.83,240113,0
2016-01-25,22:00:00,197.91,198.46,195.88,196.37,538263,0
2016-01-26,16:00:00,196.7,197.82,188.88,189.815,862915,0
2016-01-26,17:00:00,189.791,191.95,189.68,191.1,803318,0
2016-01-26,18:00:00,191.02,192.45,190.44,191.61,366397,0
2016-01-26,19:00:00,191.61,194.8199,191.57,193.1,391917,0
2016-01-26,20:00:00,193.122,194.25,191.88,193.1678,375328,0
2016-01-26,21:00:00,193.09,193.58,192.43,193.26,273060,0
2016-01-26,22:00:00,193.26,193.75,192.39,193.56,1038858,0
2016-01-27,16:00:00,192.38,192.5,189.81,190.1999,325489,0
2016-01-27,17:00:00,190.131,190.25,188.23,189.71,489100,0
2016-01-27,18:00:00,189.89,191.8999,189.74,191.3,305501,0
2016-01-27,19:00:00,191.17,193.26,190.8,192.21,272746,0
2016-01-27,20:00:00,192.2,192.35,190.87,191.11,151294,0
2016-01-27,21:00:00,191.26,191.75,187.0401,187.3373,584423,0
2016-01-27,22:00:00,187.35,188.99,185.77,188.07,773616,0
2016-01-28,16:00:00,190.79,191,184.98,185.51,582831,0
2016-01-28,17:00:00,185.7,186.21,182.41,183.325,954357,0
2016-01-28,18:00:00,183.3964,185.2,182.52,183.29,417784,0
2016-01-28,19:00:00,183.04,186.77,182.832,185.75,501287,0
2016-01-28,20:00:00,185.7,186.96,184.67,186.5079,239072,0
2016-01-28,21:00:00,186.645,191.19,186.32,189.865,582435,0
2016-01-28,22:00:00,189.76,191.28,189.172,189.7,575019,0
2016-01-29,16:00:00,189.95,193.74,188.08,193.2,359200,0
2016-01-29,17:00:00,193.2,193.68,190.11,190.71,402655,0
2016-01-29,18:00:00,190.71,192.88,190.4,190.71,333553,0
2016-01-29,19:00:00,190.92,192.33,190.74,191.313,251519,0
2016-01-29,20:00:00,191.412,191.67,189,189.23,192587,0
2016-01-29,21:00:00,189.3032,190,188.3,189.14,239595,0
2016-01-29,22:00:00,189.14,191.72,189,191.11,443483,0
2016-02-01,16:00:00,188.76,188.88,182.75,185.78,987687,0
2016-02-01,17:00:00,186.02,195.92,185.54,195.156,991469,0
2016-02-01,18:00:00,195.25,198.9,194.57,195.939,941156,0
2016-02-01,19:00:00,196.01,197.72,194.5,195.76,393087,0
2016-02-01,20:00:00,195.743,197.39,195.34,197.2,228376,0
2016-02-01,21:00:00,197.32,199.325,195.52,199.2257,321481,0
2016-02-01,22:00:00,199.16,199.52,196.71,196.94,629940,0
2016-02-02,16:00:00,192.42,192.5,189.26,190.02,576375,0
2016-02-02,17:00:00,190.01,193.12,187.9,187.99,578196,0
2016-02-02,18:00:00,188.11,189.84,186.81,186.81,454437,0
2016-02-02,19:00:00,186.78,186.8871,184.37,185.175,579322,0
2016-02-02,20:00:00,185.12,185.16,182.1,182.69,751025,0
2016-02-02,21:00:00,182.51,184.5392,180.6,180.63,937504,0
2016-02-02,22:00:00,180.6427,183.17,180.23,182.78,938435,0
2016-02-03,16:00:00,183.59,183.94,172.77,174.015,1421474,0
2016-02-03,17:00:00,174.125,174.399,170.58,174.0982,1565834,0
2016-02-03,18:00:00,174.2952,177.38,171.35,175.35,1082992,0
2016-02-03,19:00:00,175.39,177.15,172.81,174.13,480999,0
2016-02-03,20:00:00,174.1229,174.647,170.18,170.305,460963,0
2016-02-03,21:00:00,170.355,174.91,170.18,174,678181,0
2016-02-03,22:00:00,174.08,174.86,171.73,173.48,1051647,0
2016-02-04,16:00:00,170.7,171.4425,166.99,170.41,812310,0
2016-02-04,17:00:00,170.5,175.56,168.23,174.9191,800097,0
2016-02-04,18:00:00,175.189,175.21,171.31,171.895,381086,0
2016-02-04,19:00:00,171.9,174.89,171.31,174.14,373609,0
2016-02-04,20:00:00,173.955,175.98,173.85,175.1,306129,0
2016-02-04,21:00:00,175.14,175.22,173.1,174.58,315235,0
2016-02-04,22:00:00,174.45,175.5,173.5701,175.33,663942,0
2016-02-05,16:00:00,171.3,173,167.1,167.72,1026881,0
2016-02-05,17:00:00,167.75,169.7,164.02,164.94,1534830,0
2016-02-05,18:00:00,164.99,165.21,160.08,162.2372,1457912,0
2016-02-05,19:00:00,162.202,164.355,161.59,162.085,792382,0
2016-02-05,20:00:00,162.0204,162.12,158.8,159.17,1062030,0
2016-02-05,21:00:00,159.24,160.5,157.7442,160.106,810337,0
2016-02-05,22:00:00,160.13,163.32,159.5422,162.6,1395111,0
2016-02-08,16:00:00,157.105,157.15,150.35,154.23,1564641,0
2016-02-08,17:00:00,154.2025,155.869,151.7,153.64,1247333,0
2016-02-08,18:00:00,153.58,154.03,150.51,151.22,1078697,0
2016-02-08,19:00:00,151.1873,152,148.5,148.95,909740,0
2016-02-08,20:00:00,149.1,149.1,146,146.79,827414,0
2016-02-08,21:00:00,146.83,148.36,146.65,147.79,504421,0
2016-02-08,22:00:00,147.83,149.38,147.25,148.03,1468665,0
2016-02-09,16:00:00,142.32,159.79,141.05,157.61,2208268,0
2016-02-09,17:00:00,157.52,157.69,148.66,149.03,1713500,0
2016-02-09,18:00:00,149.08,154.16,148.75,149.61,644382,0
2016-02-09,19:00:00,149.62,150.8799,147.605,148.805,641238,0
2016-02-09,20:00:00,148.7875,149.25,145.24,147.7148,653352,0
2016-02-09,21:00:00,147.674,150.44,147.64,149.663,578627,0
2016-02-09,22:00:00,149.57,151.82,148,148.25,891580,0
2016-02-10,16:00:00,150.5,153.26,145.01,152.03,1100041,0
2016-02-10,17:00:00,152.04,154.97,148.25,148.88,1215455,0
2016-02-10,18:00:00,148.88,150.35,146.13,147.5,785463,0
2016-02-10,19:00:00,147.45,149.8,146.43,148.08,560707,0
2016-02-10,20:00:00,148.13,148.8062,147.01,147.37,610103,0
2016-02-10,21:00:00,147.37,148.11,145.58,146.9464,645069,0
2016-02-10,22:00:00,147.04,147.9,141.74,143.67,2168299,0
2016-02-11,16:00:00,152,159.43,147,159.3018,3122952,0
2016-02-11,17:00:00,159.34,163.26,153.33,153.565,2799482,0
2016-02-11,18:00:00,153.59,155.85,151.2,154.5,1728085,0
2016-02-11,19:00:00,154.51,154.755,152.4,153.08,676261,0
2016-02-11,20:00:00,153.12,153.98,152.01,152.838,685162,0
2016-02-11,21:00:00,152.7727,154.41,151.8,153.71,879997,0
2016-02-11,22:00:00,153.6,153.98,150.06,150.47,1669310,0
2016-02-12,16:00:00,155,157.01,148.25,148.55,1034349,0
2016-02-12,17:00:00,148.6546,148.79,143.7,146.78,2249273,0
2016-02-12,18:00:00,146.84,151.7299,146.84,148.5182,966954,0
2016-02-12,19:00:00,148.4,151.49,148.0921,149.8,428766,0
2016-02-12,20:00:00,149.7816,149.9999,147.01,147.46,356857,0
2016-02-12,21:00:00,147.62,150.38,147.58,149.64,451816,0
2016-02-12,22:00:00,149.62,152.05,149.49,151.04,814774,0
2016-02-16,16:00:00,158.7,162.95,157.25,159.29,1271502,0
2016-02-16,17:00:00,159.587,160.27,156.62,157.37,819377,0
2016-02-16,18:00:00,157.38,157.8499,154.11,155.93,603307,0
2016-02-16,19:00:00,156.02,156.88,154.39,155.458,339778,0
2016-02-16,20:00:00,155.16,156.53,154.6701,155.8,333121,0
2016-02-16,21:00:00,155.74,156.43,154.37,155.15,497932,0
2016-02-16,22:00:00,155.17,156.315,154.5,155.17,914000,0
2016-02-17,16:00:00,159,159.8199,156.68,159,659211,0
2016-02-17,17:00:00,159,167.2395,158.93,166.8,1700891,0
2016-02-17,18:00:00,166.8,167.166,163.72,165.78,723605,0
2016-02-17,19:00:00,165.889,168.35,165.07,167.14,473421,0
2016-02-17,20:00:00,166.99,168.2,166.5,166.57,323351,0
2016-02-17,21:00:00,166.523,169.34,166.15,168.6622,458266,0
2016-02-17,22:00:00,168.78,169.135,167.852,168.68,719268,0
2016-02-18,16:00:00,172.42,172.95,166.5,170.17,866888,0
2016-02-18,17:00:00,169.78,170.623,167.21,169.19,680174,0
2016-02-18,18:00:00,169.15,169.205,165.5,167.38,540409,0
2016-02-18,19:00:00,167.3701,167.7472,166.031,166.19,193787,0
2016-02-18,20:00:00,166.1501,166.59,164.77,165.2,261229,0
2016-02-18,21:00:00,165.2001,168.2,165.18,168.1678,238225,0
2016-02-18,22:00:00,168.25,168.39,166.14,166.77,418411,0
2016-02-19,16:00:00,163.66,166.84,162.5,166.3,527960,0
2016-02-19,17:00:00,166.47,166.47,163.71,164.044,422156,0
2016-02-19,18:00:00,164.02,165.61,163.55,165.145,300559,0
2016-02-19,19:00:00,165.2024,166.53,165.08,166.4478,191961,0
2016-02-19,20:00:00,166.52,166.6,165.52,165.72,164599,0
2016-02-19,21:00:00,165.8,166.32,165.0338,165.19,184205,0
2016-02-19,22:00:00,165.14,167.49,165.11,166.58,663095,0
2016-02-22,16:00:00,170.12,177.2799,169.85,174.75,1147361,0
2016-02-22,17:00:00,174.79,176.42,174.7,176.42,829348,0
2016-02-22,18:00:00,176.34,178.43,175.6919,178.41,523047,0
2016-02-22,19:00:00,178.41,178.91,176.15,176.21,407518,0
2016-02-22,20:00:00,176.21,177.9539,176.1,177.3,344122,0
2016-02-22,21:00:00,177.23,177.8999,176.5,176.837,401675,0
2016-02-22,22:00:00,176.86,177.94,176.2042,177.74,731066,0
2016-02-23,16:00:00,176.16,181.73,173.68,181.345,1121486,0
2016-02-23,17:00:00,181.2816,181.5,175,176.1598,1082860,0
2016-02-23,18:00:00,176.196,178.779,175.25,177.28,469439,0
2016-02-23,19:00:00,177.26,179.801,177,179.615,451696,0
2016-02-23,20:00:00,179.51,181.4,177.2311,177.98,430313,0
2016-02-23,21:00:00,177.93,180.18,177.86,178.53,279002,0
2016-02-23,22:00:00,178.57,179.17,176.79,177.21,682335,0
2016-02-24,16:00:00,172.75,174.27,167.84,171.68,1028197,0
2016-02-24,17:00:00,171.83,173.5,168.53,171.81,949477,0
2016-02-24,18:00:00,171.77,174.92,170.41,174.6,560263,0
2016-02-24,19:00:00,174.545,176.29,174.31,175.87,463043,0
2016-02-24,20:00:00,175.82,177.45,175.7,176.255,356127,0
2016-02-24,21:00:00,176.39,179.5,176.13,177.57,516345,0
2016-02-24,22:00:00,177.54,179.44,177.32,179,734251,0
2016-02-25,16:00:00,178.65,182.05,176.7201,177.57,583581,0
2016-02-25,17:00:00,177.46,179.83,175.2,177.5874,589603,0
2016-02-25,18:00:00,177.62,179.19,177.5,178.83,322434,0
2016-02-25,19:00:00,178.52,180.49,178.351,179.81,244945,0
2016-02-25,20:00:00,179.79,184.8,179.15,184.72,621892,0
2016-02-25,21:00:00,184.67,188.5192,183.25,185.5655,1080613,0
2016-02-25,22:00:00,185.45,188,184.65,187.43,1057905,0
2016-02-26,16:00:00,188.7,192,187.35,188.9,1091994,0
2016-02-26,17:00:00,188.87,189.94,187.55,189.5634,1170399,0
2016-02-26,18:00:00,189.46,191.36,186.9201,188.16,651143,0
2016-02-26,19:00:00,188.16,188.6,185,188.13,497251,0
2016-02-26,20:00:00,188.0459,189.8,186.59,188.8896,533270,0
2016-02-26,21:00:00,188.95,190.28,188.21,189.47,437424,0
2016-02-26,22:00:00,189.42,191,189.352,190.34,801972,0
2016-02-29,16:00:00,192.4,196.35,189.6001,193,818003,0
2016-02-29,17:00:00,193.18,194,191.3001,192.44,622004,0
2016-02-29,18:00:00,192.5399,194.55,192.02,194.125,498926,0
2016-02-29,19:00:00,194.19,194.92,193.83,194.732,264604,0
2016-02-29,20:00:00,194.75,194.84,191.301,192.22,455383,0
2016-02-29,21:00:00,192.29,192.43,190.05,190.99,331089,0
2016-02-29,22:00:00,190.89,192.4,189.222,191.93,785358,0
2016-03-01,16:00:00,194.25,195.3,192.15,192.78,424368,0
2016-03-01,17:00:00,192.87,195.9484,192.78,194.87,714084,0
2016-03-01,18:00:00,194.77,195.22,192.5,193.5,433181,0
2016-03-01,19:00:00,193.558,194.5,192.56,192.903,390573,0
2016-03-01,20:00:00,192.9005,192.9005,190.25,191.345,441367,0
2016-03-01,21:00:00,191.37,191.65,182.7,185.69,1864070,0
2016-03-01,22:00:00,185.57,186.9,184,186.35,1533216,0
2016-03-02,16:00:00,183.73,187.25,181.5,182.81,798404,0
2016-03-02,17:00:00,182.895,187.47,182.8,184.52,996374,0
2016-03-02,18:00:00,184.61,185.9125,184,184.635,452379,0
2016-03-02,19:00:00,184.5,186.79,184.3,185.34,451686,0
2016-03-02,20:00:00,185.38,188.52,185.27,187.27,451769,0
2016-03-02,21:00:00,187.36,188.446,186.44,188.2149,393379,0
2016-03-02,22:00:00,188.16,188.48,186.6,188.34,588258,0
2016-03-03,16:00:00,188.28,188.32,184.22,187.0495,555314,0
2016-03-03,17:00:00,186.95,190.2,186.087,188.85,771977,0
2016-03-03,18:00:00,188.59,189.68,186.7,188.1076,284157,0
2016-03-03,19:00:00,187.97,190.326,187.73,190.326,275129,0
2016-03-03,20:00:00,190.33,194.77,190.32,194.11,668071,0
2016-03-03,21:00:00,194.092,196.75,193.6215,196.09,675988,0
2016-03-03,22:00:00,196.15,197.42,194.85,195.74,994817,0
2016-03-04,16:00:00,198,202.56,197.5001,198.22,1373305,0
2016-03-04,17:00:00,198.22,200.75,197.56,200.32,972079,0
2016-03-04,18:00:00,200.2601,202.98,200.2542,202.08,833088,0
2016-03-04,19:00:00,202.08,204.03,201.91,203.9,664908,0
2016-03-04,20:00:00,203.9,203.99,202.49,203.01,461808,0
2016-03-04,21:00:00,203.1,203.125,199.51,200.351,726817,0
2016-03-04,22:00:00,200,201.24,199.2001,201.04,637132,0
2016-03-07,16:00:00,197.68,203.7799,197.4,202.01,711305,0
2016-03-07,17:00:00,202.09,203.29,199.6,200.35,642164,0
2016-03-07,18:00:00,200.44,206.93,200.3,205.51,645679,0
2016-03-07,19:00:00,205.5,209.7,205.5,207.82,719201,0
2016-03-07,20:00:00,207.82,208.19,206.53,208.19,370987,0
2016-03-07,21:00:00,208.1,208.46,204.95,206,419626,0
2016-03-07,22:00:00,206.06,207.23,205.07,205.29,933688,0
2016-03-08,16:00:00,203.5,207.5,203.5,204.69,613171,0
2016-03-08,17:00:00,205.04,205.6577,202.26,203.46,635869,0
2016-03-08,18:00:00,203.25,204.91,202.9,204.36,425988,0
2016-03-08,19:00:00,204.39,204.8,203,203.09,290335,0
2016-03-08,20:00:00,203.18,206,202.66,205.975,461896,0
2016-03-08,21:00:00,205.92,207.15,205.11,205.95,516127,0
2016-03-08,22:00:00,205.94,206.2,202.2,202.6,532973,0
2016-03-09,16:00:00,204.52,205,202.79,204.48,258842,0
2016-03-09,17:00:00,204.417,207.64,203.68,205.95,547387,0
2016-03-09,18:00:00,205.95,206.7699,205.29,206.2299,433859,0
2016-03-09,19:00:00,206.21,207.3,206.13,206.77,298178,0
2016-03-09,20:00:00,206.7605,209.3726,206.6501,208.85,370509,0
2016-03-09,21:00:00,209.09,209.3599,208.42,208.88,273867,0
2016-03-09,22:00:00,208.8,209.25,208.35,208.72,549818,0
2016-03-10,16:00:00,209.7792,213.29,209,209.671,852194,0
2016-03-10,17:00:00,209.75,210.8799,205.52,206.095,1054742,0
2016-03-10,18:00:00,206.06,206.45,202.36,203.67,636154,0
2016-03-10,19:00:00,203.5878,204.25,200.671,201.78,349751,0
2016-03-10,20:00:00,201.71,204.39,201.11,203.34,508194,0
2016-03-10,21:00:00,203.3329,206.5,202.54,205.06,401710,0
2016-03-10,22:00:00,204.86,206.1,204.44,205.18,585372,0
2016-03-11,16:00:00,207.93,209.42,205.33,208.62,660876,0
2016-03-11,17:00:00,208.85,209.2,206.5962,207.81,556958,0
2016-03-11,18:00:00,207.84,208.05,206.75,206.82,273006,0
2016-03-11,19:00:00,206.87,208,206.26,207.45,325351,0
2016-03-11,20:00:00,207.428,207.4999,206.73,207.13,230177,0
2016-03-11,21:00:00,207.19,208.28,207.03,208.1885,230532,0
2016-03-11,22:00:00,208.21,208.25,207.45,207.5,505374,0
2016-03-14,15:00:00,212.65,212.86,210.64,210.99,597509,0
2016-03-14,16:00:00,210.83,215.972,210.64,214.76,824778,0
2016-03-14,17:00:00,214.65,216.72,213.5001,213.58,547680,0
2016-03-14,18:00:00,213.58,214.296,212.51,213.99,270208,0
2016-03-14,19:00:00,214,215.3625,214,214.91,188474,0
2016-03-14,20:00:00,214.802,216.65,214.29,216.5,302828,0
2016-03-14,21:00:00,216.51,216.62,215,215.15,554974,0
2016-03-15,15:00:00,214.27,214.68,212,212.04,434670,0
2016-03-15,16:00:00,212.14,213.84,211.5,213.116,454324,0
2016-03-15,17:00:00,212.9309,214.03,212.89,213.0701,209682,0
2016-03-15,18:00:00,213.08,214.95,212.81,214.72,171162,0
2016-03-15,19:00:00,214.67,216.788,214.01,216.77,269542,0
2016-03-15,20:00:00,216.75,218.53,216.67,217.7,490785,0
2016-03-15,21:00:00,217.66,218.97,217.28,218.34,586393,0
2016-03-16,15:00:00,218,219.79,217.02,219.69,326996,0
2016-03-16,16:00:00,219.375,222.58,219.13,220.38,758740,0
2016-03-16,17:00:00,220.39,221.48,218,219.57,335700,0
2016-03-16,18:00:00,219.68,220.3909,219,219.7075,228268,0
2016-03-16,19:00:00,219.51,221.6,219.36,221.25,215728,0
2016-03-16,20:00:00,221.4,222.34,220.0301,220.85,490878,0
2016-03-16,21:00:00,220.96,222.3,220.91,221.93,566010,0
2016-03-17,15:00:00,221.47,224.18,220,222.7345,486380,0
2016-03-17,16:00:00,222.78,223.19,220.03,222.88,398768,0
2016-03-17,17:00:00,222.73,224.7,222.54,223.5095,407448,0
2016-03-17,18:00:00,223.46,224.56,223.22,224.16,256864,0
2016-03-17,19:00:00,224.24,225.88,224.136,225.85,385444,0
2016-03-17,20:00:00,225.8,228.5,225.8,226.82,647327,0
2016-03-17,21:00:00,226.9553,227.443,226.01,226.38,568504,0
2016-03-18,15:00:00,229.1,231.16,228.06,229.3725,805491,0
2016-03-18,16:00:00,229.31,231.89,229.15,231.7175,659988,0
2016-03-18,17:00:00,231.65,233.79,231.305,231.65,673620,0
2016-03-18,18:00:00,231.64,232.85,231.4,232.525,283216,0
2016-03-18,19:00:00,232.59,233.07,232.02,232.9,321301,0
2016-03-18,20:00:00,232.9699,233.22,232.43,233.06,325803,0
2016-03-18,21:00:00,233.1,234.48,232.22,232.74,855150,0
2016-03-21,15:00:00,235.34,239.88,235,238.39,1136412,0
2016-03-21,16:00:00,238.24,238.6,235.05,236.455,789865,0
2016-03-21,17:00:00,236.54,239.478,236.43,237.886,657616,0
2016-03-21,18:00:00,237.82,238.7,237.3536,238.16,425565,0
2016-03-21,19:00:00,238.16,239.479,237.6223,239,356704,0
2016-03-21,20:00:00,238.93,239.5,238.17,238.322,306500,0
2016-03-21,21:00:00,238.32,238.43,236.14,238.32,695886,0
2016-03-22,15:00:00,237.21,237.75,234.16,236.01,702968,0
2016-03-22,16:00:00,235.93,237.3,234.5,235.824,605935,0
2016-03-22,17:00:00,235.74,238.68,235.61,237.61,484827,0
2016-03-22,18:00:00,237.54,238.44,237.22,238.335,207754,0
2016-03-22,19:00:00,238.361,238.99,237.65,238.44,214636,0
2016-03-22,20:00:00,238.28,238.5499,235.3,235.41,355020,0
2016-03-22,21:00:00,235.414,236.245,232.558,234.24,967317,0
2016-03-23,15:00:00,232.37,234.73,230.5,232.6211,556610,0
2016-03-23,16:00:00,232.6905,233.43,228.33,228.6062,752049,0
2016-03-23,17:00:00,228.568,228.86,226.25,226.48,686015,0
2016-03-23,18:00:00,226.42,227.5,226.3,227.37,413754,0
2016-03-23,19:00:00,227.37,228.85,226.79,227.412,273328,0
2016-03-23,20:00:00,227.478,227.815,225.174,225.3,333959,0
2016-03-23,21:00:00,225.3138,225.9799,222.03,222.58,1078420,0
2016-03-24,15:00:00,215.78,222.73,215,221.5,1022483,0
2016-03-24,16:00:00,221.5,226.83,221,226.135,1079977,0
2016-03-24,17:00:00,226.03,226.75,223.4,224.6199,569667,0
2016-03-24,18:00:00,224.57,226.6,224.36,226.315,283299,0
2016-03-24,19:00:00,226.25,228.17,226.0003,227.91,281673,0
2016-03-24,20:00:00,227.8,228.34,227.17,227.4114,192723,0
2016-03-24,21:00:00,227.55,228.2,227.34,227.75,520321,0
2016-03-28,16:00:00,231.61,232,225,227.8,666770,0
2016-03-28,17:00:00,227.71,229.7,227.25,229.3501,541151,0
2016-03-28,18:00:00,229.56,231.59,228.82,231.2322,374669,0
2016-03-28,19:00:00,231.16,234.81,231.16,233.8199,487909,0
2016-03-28,20:00:00,233.82,234.66,232.27,232.4523,318151,0
2016-03-28,21:00:00,232.44,233.68,231.5,231.615,335330,0
2016-03-28,22:00:00,231.6001,232.03,230,230.26,552869,0
2016-03-29,16:00:00,229.89,229.9,226.19,226.54,533826,0
2016-03-29,17:00:00,226.64,228.94,226.5,227.3497,596670,0
2016-03-29,18:00:00,227.26,227.7267,225.33,225.61,419108,0
2016-03-29,19:00:00,225.61,228.2,225.343,227.86,425284,0
2016-03-29,20:00:00,227.73,229.22,226.95,228.89,314131,0
2016-03-29,21:00:00,228.92,232.38,228.85,230.3751,512587,0
2016-03-29,22:00:00,230.5211,230.73,229,230.13,603320,0
2016-03-30,16:00:00,235.09,235.5,232.2501,233.46,645765,0
2016-03-30,17:00:00,233.51,233.7575,228.995,229.7999,866014,0
2016-03-30,18:00:00,229.696,230.95,227.65,229.1816,408393,0
2016-03-30,19:00:00,229.17,229.87,228.7716,229.62,332307,0
2016-03-30,20:00:00,229.44,229.59,227.5,228.49,331868,0
2016-03-30,21:00:00,228.46,228.9,227.9,228.2971,322679,0
2016-03-30,22:00:00,228.32,228.48,226.5,226.89,537227,0
2016-03-31,16:00:00,229.34,229.34,225.55,226.22,551855,0
2016-03-31,17:00:00,226.14,229.74,225.01,229.5003,855891,0
2016-03-31,18:00:00,229.5,233.44,229.44,233.37,1051238,0
2016-03-31,19:00:00,233.37,235.11,232.3711,233.8,920897,0
2016-03-31,20:00:00,233.805,235.9678,233.34,235.5618,670699,0
2016-03-31,21:00:00,235.5,237.42,233.57,233.7101,994236,0
2016-03-31,22:00:00,233.83,233.88,229.01,229.77,1753043,0
2016-04-01,16:00:00,244.825,247.9,239.63,241.465,3037316,0
2016-04-01,17:00:00,241.32,243.35,235,237.45,2551226,0
2016-04-01,18:00:00,237.42,239.75,236.1,236.51,1258975,0
2016-04-01,19:00:00,236.505,238.4053,233.25,235.3012,1942739,0
2016-04-01,20:00:00,235.48,237.47,233.401,237.2199,1471000,0
2016-04-01,21:00:00,237.22,239.28,236.9,237.75,1260259,0
2016-04-01,22:00:00,237.89,238.5,236.63,237.59,1844669,0
2016-04-04,16:00:00,249.12,249.94,244.3,245,2349912,0
2016-04-04,17:00:00,245.1699,247.79,244.25,246,1983770,0
2016-04-04,18:00:00,245.97,248.2,243.64,247.435,1261355,0
2016-04-04,19:00:00,247.4591,250.99,246.78,250.65,1545671,0
2016-04-04,20:00:00,250.7,252.12,247.33,249.38,1381037,0
2016-04-04,21:00:00,249.5288,250.55,249.15,249.43,733729,0
2016-04-04,22:00:00,249.51,250.4,246,246.99,1654624,0
2016-04-05,16:00:00,240.5,244.5,240,242.995,1313397,0
2016-04-05,17:00:00,243.05,247.49,242.81,245.28,1289104,0
2016-04-05,18:00:00,245.2102,247.15,244.8,246.87,896983,0
2016-04-05,19:00:00,246.6816,250.88,246,249.88,1134890,0
2016-04-05,20:00:00,249.66,256.56,249.65,254.81,1501281,0
2016-04-05,21:00:00,254.76,256.49,253.69,255,1105369,0
2016-04-05,22:00:00,254.8936,255.98,254.13,255.47,1177182,0
2016-04-06,16:00:00,253.97,260.8,253.45,257.0448,1753247,0
2016-04-06,17:00:00,257.2305,261.63,256.87,261.63,1756699,0
2016-04-06,18:00:00,261.65,264.58,260.81,263.5572,1340058,0
2016-04-06,19:00:00,263.59,267.74,263.03,265.52,1612791,0
2016-04-06,20:00:00,265.75,266.45,262.78,263.235,827395,0
2016-04-06,21:00:00,263.31,264.71,262,264.05,940410,0
2016-04-06,22:00:00,264.06,266.04,263.06,265.42,1298343,0
2016-04-07,16:00:00,266.45,269.34,262.11,265.19,1525178,0
2016-04-07,17:00:00,265.2,267.9,258.68,259.36,1972864,0
2016-04-07,18:00:00,259.485,261.68,257.05,259.79,995432,0
2016-04-07,19:00:00,259.75,260.16,258.35,259.5,434613,0
2016-04-07,20:00:00,259.42,261.12,257.411,257.55,537857,0
2016-04-07,21:00:00,257.49,258.75,254.51,255.03,803733,0
2016-04-07,22:00:00,255.065,257.43,255.01,257.2,1095643,0
2016-04-08,16:00:00,260.5,260.82,256.0101,259.29,862064,0
2016-04-08,17:00:00,259.29,260.56,256.68,259,901566,0
2016-04-08,18:00:00,258.86,260.45,258.05,258.46,612402,0
2016-04-08,19:00:00,258.38,258.4599,249.35,251.5525,1551903,0
2016-04-08,20:00:00,251.4201,251.79,248.63,250.15,693741,0
2016-04-08,21:00:00,250.168,251.1527,249.35,249.77,488323,0
2016-04-08,22:00:00,249.88,250.29,248.0201,250.07,995223,0
2016-04-11,16:00:00,251,252.1,245.3,250.4,994058,0
2016-04-11,17:00:00,250.4,258.99,250.27,256.52,2013895,0
2016-04-11,18:00:00,256.595,257.95,255.55,256.9,686728,0
2016-04-11,19:00:00,256.9,258.133,254.69,255.72,595381,0
2016-04-11,20:00:00,255.7,255.8,248.82,249.515,1926081,0
2016-04-11,21:00:00,249.4,252.32,247.785,251.99,844314,0
2016-04-11,22:00:00,252.045,252.25,249.54,249.92,788959,0
2016-04-12,16:00:00,249.5,251.8,247.214,249.715,816571,0
2016-04-12,17:00:00,249.6,250.93,246.02,248.7483,884172,0
2016-04-12,18:00:00,248.74,249.2,247.14,247.2,438453,0
2016-04-12,19:00:00,247.2,247.6799,245.4,245.4,394910,0
2016-04-12,20:00:00,245.48,246.52,243.63,246.5,692108,0
2016-04-12,21:00:00,246.5999,249.51,245.95,248.35,902172,0
2016-04-12,22:00:00,248.43,248.705,246.7501,247.82,751314,0
2016-04-13,16:00:00,248.51,252.19,247.33,251.9116,583816,0
2016-04-13,17:00:00,251.96,253.25,250.25,250.27,957247,0
2016-04-13,18:00:00,250.25,251.88,250.1,251.59,377543,0
2016-04-13,19:00:00,251.7,252.79,251.19,252.5,316958,0
2016-04-13,20:00:00,252.5,253.89,251.81,253.12,374851,0
2016-04-13,21:00:00,253.24,254.21,250.55,253.23,681727,0
2016-04-13,22:00:00,253.255,255.5,253.105,254.53,928159,0
2016-04-14,16:00:00,253,256.839,253,254.01,655161,0
2016-04-14,17:00:00,254.01,256.52,252.71,253.0245,808230,0
2016-04-14,18:00:00,253.0055,254,251.77,253.35,492912,0
2016-04-14,19:00:00,253.215,253.46,251.3201,252.25,496174,0
2016-04-14,20:00:00,252.23,252.7299,251.15,251.63,324175,0
2016-04-14,21:00:00,251.61,252.09,251.0501,251.735,262578,0
2016-04-14,22:00:00,251.678,252.2,251.11,251.86,508918,0
2016-04-15,16:00:00,251.31,252.87,249.12,252.369,521379,0
2016-04-15,17:00:00,252.11,253.24,250.5,252.9608,652459,0
2016-04-15,18:00:00,252.96,253.64,251.48,252.017,402080,0
2016-04-15,19:00:00,252.08,253.03,251.63,252.7145,201148,0
2016-04-15,20:00:00,252.71,253.02,251.53,251.8781,261523,0
2016-04-15,21:00:00,251.91,252.85,251.69,252.8,204502,0
2016-04-15,22:00:00,252.8,254.6,252.47,254.51,876520,0
2016-04-18,16:00:00,252.23,258.31,252.21,256.3375,854112,0
2016-04-18,17:00:00,256.13,256.96,252.79,253.7,817616,0
2016-04-18,18:00:00,253.74,255,252.51,252.85,584309,0
2016-04-18,19:00:00,252.84,253.5,251.66,252.75,455701,0
2016-04-18,20:00:00,252.7725,254.51,252.21,253.98,270649,0
2016-04-18,21:00:00,253.98,254.74,253.05,254.05,302961,0
2016-04-18,22:00:00,254.05,254.5386,253.55,253.88,425228,0
2016-04-19,16:00:00,253.12,254.3699,250.9,251.31,631125,0
2016-04-19,17:00:00,251.4099,252.15,248.1205,248.71,1231800,0
2016-04-19,18:00:00,248.7725,249.0999,244.6,245.315,993057,0
2016-04-19,19:00:00,245.26,245.9,241.251,245.5,927928,0
2016-04-19,20:00:00,245.4273,248,245.0601,246.89,514396,0
2016-04-19,21:00:00,246.89,248.935,246.3417,247.444,392879,0
2016-04-19,22:00:00,247.26,249.36,246.76,247.37,676860,0
2016-04-20,16:00:00,246.26,246.51,241.5,244.9522,699484,0
2016-04-20,17:00:00,244.85,250.9,244.5,250.414,1157941,0
2016-04-20,18:00:00,250.47,252.79,249.81,252.1301,887138,0
2016-04-20,19:00:00,252.142,252.79,250.6,252.54,423574,0
2016-04-20,20:00:00,252.5953,253.66,252.4,253.05,416679,0
2016-04-20,21:00:00,253.0632,253.54,251.5,252.26,394126,0
2016-04-20,22:00:00,252.25,252.39,249.28,249.97,537266,0
2016-04-21,16:00:00,248.99,249.5489,247.11,247.942,498925,0
2016-04-21,17:00:00,247.81,249.87,246.91,249.5301,667678,0
2016-04-21,18:00:00,249.6,250.9,248.511,248.5896,317078,0
2016-04-21,19:00:00,248.52,249.56,247.87,248.62,196764,0
2016-04-21,20:00:00,248.5475,249.19,247.51,248.83,186111,0
2016-04-21,21:00:00,248.8,249.03,248,248.11,136499,0
2016-04-21,22:00:00,248.1,248.8,247.74,248.29,368804,0
2016-04-22,16:00:00,248.89,250.48,247.59,248.8615,326811,0
2016-04-22,17:00:00,249.02,249.26,245.71,246.1,502049,0
2016-04-22,18:00:00,246.1,248.58,246.1,248.4457,434873,0
2016-04-22,19:00:00,248.4522,249.8,248.3401,249.21,232329,0
2016-04-22,20:00:00,249.21,251.33,249.12,251.028,353033,0
2016-04-22,21:00:00,250.9675,253.6,250.68,253.48,695938,0
2016-04-22,22:00:00,253.485,254,252.36,253.75,780609,0
2016-04-25,16:00:00,253.01,257.38,252.61,254,732022,0
2016-04-25,17:00:00,254.03,255.2,252,253.79,635204,0
2016-04-25,18:00:00,253.7868,255.77,253.125,255.19,432503,0
2016-04-25,19:00:00,255.2994,255.79,252.9,253.8545,288423,0
2016-04-25,20:00:00,253.9084,254.215,252.39,253.01,196771,0
2016-04-25,21:00:00,252.97,253.14,251.54,252.0999,309663,0
2016-04-25,22:00:00,251.96,252.23,250.76,251.82,449825,0
2016-04-26,16:00:00,252.05,253.98,250.5,252.04,299194,0
2016-04-26,17:00:00,252.04,252.04,249.39,251.55,637133,0
2016-04-26,18:00:00,251.6599,253.4523,251.1,253.32,342479,0
2016-04-26,19:00:00,253.3,253.7997,252.5,253.2648,293522,0
2016-04-26,20:00:00,253.35,254.76,252.67,254.73,311012,0
2016-04-26,21:00:00,254.77,255.73,254.2884,254.35,404254,0
2016-04-26,22:00:00,254.36,254.88,253.33,253.74,474155,0
2016-04-27,16:00:00,252.75,255,250.51,251.1,500105,0
2016-04-27,17:00:00,250.99,252.77,249.76,250.623,651902,0
2016-04-27,18:00:00,250.56,251.58,249.4,251.07,465488,0
2016-04-27,19:00:00,251.05,251.5,250.28,251.4999,167484,0
2016-04-27,20:00:00,251.47,251.475,250.53,250.895,105543,0
2016-04-27,21:00:00,250.91,252.07,249.91,250.2408,455844,0
2016-04-27,22:00:00,250.21,251.72,250.17,251.47,392685,0
2016-04-28,16:00:00,249.85,252.95,249.21,251.89,346174,0
2016-04-28,17:00:00,251.985,252.18,250.11,252.08,431059,0
2016-04-28,18:00:00,252.1,253.43,251.22,252.45,259702,0
2016-04-28,19:00:00,252.36,253.04,251.7001,252.04,167082,0
2016-04-28,20:00:00,252.1,252.41,251.31,251.72,159338,0
2016-04-28,21:00:00,251.9,252.34,251.23,251.385,255556,0
2016-04-28,22:00:00,251.29,251.42,247.44,247.71,490416,0
2016-04-29,16:00:00,248.14,248.43,245.28,245.88,565081,0
2016-04-29,17:00:00,245.81,246.99,243.84,244.1584,643456,0
2016-04-29,18:00:00,244.095,245.3723,238.97,240.51,995471,0
2016-04-29,19:00:00,240.51,242.27,238.405,239.423,642457,0
2016-04-29,20:00:00,239.6683,241.56,238.01,238.319,388350,0
2016-04-29,21:00:00,238.32,239.24,237.81,238.735,467507,0
2016-04-29,22:00:00,238.75,241.78,238.63,240.76,786405,0
2016-05-02,16:00:00,241.5,241.5,235,236.79,608131,0
2016-05-02,17:00:00,236.73,240.2,235.5,236.942,614717,0
2016-05-02,18:00:00,236.96,237.17,234.82,236.24,450094,0
2016-05-02,19:00:00,236.1879,238.7599,236.06,237.98,348884,0
2016-05-02,20:00:00,237.98,239.85,237.54,239.5,299912,0
2016-05-02,21:00:00,239.5827,242.46,239.5,242.3517,406913,0
2016-05-02,22:00:00,242.3001,243.19,241.35,241.8,508125,0
2016-05-03,16:00:00,237.36,238.91,233.57,234.67,663245,0
2016-05-03,17:00:00,234.57,236.33,233.585,233.6916,635789,0
2016-05-03,18:00:00,233.69,234.98,232.81,234.72,480239,0
2016-05-03,19:00:00,234.7014,236.55,233.377,236.505,313388,0
2016-05-03,20:00:00,236.505,237.44,235.2,235.312,346101,0
2016-05-03,21:00:00,235.2,236.1,233.33,233.6,343840,0
2016-05-03,22:00:00,233.645,233.75,231.62,232.32,802501,0
2016-05-04,16:00:00,230.29,234.46,230.01,232.57,636578,0
2016-05-04,17:00:00,232.52,233.05,228.02,228.46,781467,0
2016-05-04,18:00:00,228.45,229.29,226,228.7,774942,0
2016-05-04,19:00:00,228.7399,229.44,221.25,223.8,1318317,0
2016-05-04,20:00:00,223.7,224.43,220.5,222.236,829981,0
2016-05-04,21:00:00,222.0992,223.28,220.4,222.42,611086,0
2016-05-04,22:00:00,222.425,224.4,221.62,222.56,1357556,0
2016-05-05,16:00:00,228.46,228.64,217.5,219.4,2211967,0
2016-05-05,17:00:00,219.4,220.43,211.99,213.61,2483966,0
2016-05-05,18:00:00,213.62,216.29,211.73,214.53,1055103,0
2016-05-05,19:00:00,214.59,216,212.87,213.7111,675883,0
2016-05-05,20:00:00,213.8278,213.96,209.79,211.33,871844,0
2016-05-05,21:00:00,211.285,214.43,211.06,213.3021,711683,0
2016-05-05,22:00:00,213.38,213.73,210.8,211.53,1234455,0
2016-05-06,16:00:00,210.87,212.865,208.11,210.2675,1187204,0
2016-05-06,17:00:00,210.3342,213.5,209.2101,210.08,1053847,0
2016-05-06,18:00:00,210.1,212.96,210.02,212.39,566207,0
2016-05-06,19:00:00,212.4,214.62,211.46,214.61,434421,0
2016-05-06,20:00:00,214.584,216.37,214.53,215.5,627764,0
2016-05-06,21:00:00,215.46,216.11,214.67,215.24,391431,0
2016-05-06,22:00:00,215.165,215.456,214.01,214.93,693946,0
2016-05-09,16:00:00,215.72,216.15,211.43,212.13,681662,0
2016-05-09,17:00:00,212.06,214.37,211.01,212.89,678400,0
2016-05-09,18:00:00,212.98,213.4002,209.7,209.78,522295,0
2016-05-09,19:00:00,209.71,209.88,206.8,207.71,719138,0
2016-05-09,20:00:00,207.735,210.34,207.65,208.78,506924,0
2016-05-09,21:00:00,208.87,209.61,208,209.486,352379,0
2016-05-09,22:00:00,209.49,209.54,208.6,208.92,542816,0
2016-05-10,16:00:00,207.55,209.47,205,207.02,888728,0
2016-05-10,17:00:00,207.19,207.71,205.29,207.13,652260,0
2016-05-10,18:00:00,207.1806,209,206.82,207.255,412154,0
2016-05-10,19:00:00,207.3333,207.6566,206.1,207,290386,0
2016-05-10,20:00:00,206.93,207.9,205.75,207.7,290139,0
2016-05-10,21:00:00,207.73,208.74,207.6,208.025,291230,0
2016-05-10,22:00:00,207.94,208.87,206.9294,208.69,601786,0
2016-05-11,16:00:00,207.59,210.76,206.05,209.2375,788335,0
2016-05-11,17:00:00,209.3125,212.64,209.2375,211.4,951648,0
2016-05-11,18:00:00,211.435,214.4897,210.05,213.93,584897,0
2016-05-11,19:00:00,213.9192,215.48,213.41,214.752,413474,0
2016-05-11,20:00:00,214.71,214.7597,211.1601,211.29,382616,0
2016-05-11,21:00:00,211.16,211.68,209.95,210.7,416603,0
2016-05-11,22:00:00,210.8,211.02,208.592,208.96,494118,0
2016-05-12,16:00:00,211.44,211.67,207,208.24,552362,0
2016-05-12,17:00:00,208.26,208.74,205.12,205.6396,545852,0
2016-05-12,18:00:00,205.84,206.2699,203.6572,204.05,560458,0
2016-05-12,19:00:00,204.1,206.4,203.68,206.05,390406,0
2016-05-12,20:00:00,206.11,206.56,205.22,206.19,197113,0
2016-05-12,21:00:00,206.27,209.6,206.24,209.072,422422,0
2016-05-12,22:00:00,209.03,209.229,207,207.2001,373477,0
2016-05-13,16:00:00,207.78,211.2,207.29,209.1499,485139,0
2016-05-13,17:00:00,209.14,210.61,208.22,210.3799,408412,0
2016-05-13,18:00:00,210.37,210.9,208.51,208.51,231992,0
2016-05-13,19:00:00,208.694,209.615,207.82,208.02,221291,0
2016-05-13,20:00:00,208.08,208.36,206.94,207.46,247898,0
2016-05-13,21:00:00,207.42,208.14,206.7,207.7382,290661,0
2016-05-13,22:00:00,207.806,208.71,207.37,207.61,466783,0
2016-05-16,16:00:00,208.15,211.79,208,210.23,458598,0
2016-05-16,17:00:00,210.32,212.74,210.14,212.58,548879,0
2016-05-16,18:00:00,212.585,213.15,211.12,211.3,305296,0
2016-05-16,19:00:00,211.26,211.39,208.93,209.35,316320,0
2016-05-16,20:00:00,209.314,209.7999,207.92,208.07,268977,0
2016-05-16,21:00:00,208.1099,208.9,207.95,208.5445,212063,0
2016-05-16,22:00:00,208.5279,209.2199,208.1,208.29,346700,0
2016-05-17,16:00:00,209.05,209.8199,206.86,208.36,316389,0
2016-05-17,17:00:00,208.27,208.5,205.96,206.7205,431865,0
2016-05-17,18:00:00,206.68,207.6,206.01,207.065,208960,0
2016-05-17,19:00:00,207.2036,207.6,206.39,206.72,166023,0
2016-05-17,20:00:00,206.91,207.24,206.25,206.31,259666,0
2016-05-17,21:00:00,206.3229,206.59,204.67,205.03,393098,0
2016-05-17,22:00:00,205,205.5,204.02,204.66,509190,0
2016-05-18,16:00:00,209.15,212.47,207.75,212.125,1110501,0
2016-05-18,17:00:00,212.15,215.31,212.0918,213.53,1183972,0
2016-05-18,18:00:00,213.53,213.98,212.42,212.58,451494,0
2016-05-18,19:00:00,212.82,213.18,211.25,212.1,347610,0
2016-05-18,20:00:00,212.2,212.97,211.16,211.2692,204534,0
2016-05-18,21:00:00,211.19,211.7,208.825,211.34,553757,0
2016-05-18,22:00:00,211.2705,212.1,210,211.17,497162,0
2016-05-19,16:00:00,213.62,216.47,210.25,211.3,1274361,0
2016-05-19,17:00:00,211.1754,212.665,209,209.06,937967,0
2016-05-19,18:00:00,209.235,209.87,207.3,208.815,568035,0
2016-05-19,19:00:00,208.855,209.849,207.4049,207.79,246131,0
2016-05-19,20:00:00,207.6922,210.36,207.53,209.8662,348415,0
2016-05-19,21:00:00,209.83,213.4399,209.83,212.3616,930370,0
2016-05-19,22:00:00,212.29,216.79,212.08,215.21,1325399,0
2016-05-20,16:00:00,216.99,218.7,216.35,217.6894,1919468,0
2016-05-20,17:00:00,217.7123,220,217.26,218.33,1751397,0
2016-05-20,18:00:00,218.38,218.83,217.11,217.11,638757,0
2016-05-20,19:00:00,217.165,218.42,217.13,217.56,484333,0
2016-05-20,20:00:00,217.52,218.3,217.5,217.965,365440,0
2016-05-20,21:00:00,217.94,218.8,217.54,218.32,567862,0
2016-05-20,22:00:00,218.32,220.55,217.78,220.28,1490251,0
2016-05-23,16:00:00,219.87,220.8,217.07,218.49,986111,0
2016-05-23,17:00:00,218.58,222.6,218.55,220.86,995620,0
2016-05-23,18:00:00,220.89,221.25,218.0401,218.945,471175,0
2016-05-23,19:00:00,219,219.04,217.65,218.2001,518097,0
2016-05-23,20:00:00,218.2644,218.57,216.4,216.85,385205,0
2016-05-23,21:00:00,216.89,217.57,216.15,216.94,338183,0
2016-05-23,22:00:00,217,217.15,215.86,216.22,608070,0
2016-05-24,16:00:00,216.6,217.66,215.18,215.59,652765,0
2016-05-24,17:00:00,215.58,218.3,215.39,216.15,571028,0
2016-05-24,18:00:00,216.045,218.74,216.045,218.2,318727,0
2016-05-24,19:00:00,218.16,218.64,217.57,218.26,190995,0
2016-05-24,20:00:00,218.26,218.5,217.13,217.73,171013,0
2016-05-24,21:00:00,217.72,218.17,217.16,217.985,139255,0
2016-05-24,22:00:00,217.99,218.34,217.53,217.91,466955,0
2016-05-25,16:00:00,217.91,219.4,216.51,219.155,402798,0
2016-05-25,17:00:00,219.24,219.59,218.11,218.93,379070,0
2016-05-25,18:00:00,218.93,220.75,218.76,220.2,554482,0
2016-05-25,19:00:00,220.2,220.51,219.46,220.5,223441,0
2016-05-25,20:00:00,220.416,221.36,220.06,220.75,237445,0
2016-05-25,21:00:00,220.71,220.96,219.62,219.75,252913,0
2016-05-25,22:00:00,219.6501,220.25,219.3,219.58,433384,0
2016-05-26,16:00:00,220.5,222,219.05,219.385,526615,0
2016-05-26,17:00:00,219.265,222.34,219.2,221.6,826737,0
2016-05-26,18:00:00,221.6,224.1,221.6,223.4,603609,0
2016-05-26,19:00:00,223.43,223.7,222.57,222.9899,334834,0
2016-05-26,20:00:00,222.99,223.36,222.64,222.939,162856,0
2016-05-26,21:00:00,222.9824,224.45,222.62,224.315,311660,0
2016-05-26,22:00:00,224.21,225.26,223.83,225.12,778248,0
2016-05-27,16:00:00,224.99,225.93,223.44,224.37,498591,0
2016-05-27,17:00:00,224.4845,224.66,220.75,221.3,789172,0
2016-05-27,18:00:00,221.3,222.62,220.95,222.55,324385,0
2016-05-27,19:00:00,222.5,223.05,222.39,222.9682,205008,0
2016-05-27,20:00:00,222.96,224.38,222.94,223.4003,298665,0
2016-05-27,21:00:00,223.32,223.8999,222.7537,223.07,188389,0
2016-05-27,22:00:00,223.07,223.49,222.36,223.04,722157,0
2016-05-31,16:00:00,223.04,224.7497,222.51,222.66,253342,0
2016-05-31,17:00:00,222.605,223.9,221.5001,222.26,250803,0
2016-05-31,18:00:00,222.26,223.36,222,222.3599,178106,0
2016-05-31,19:00:00,222.3014,223.18,222.25,222.7013,122537,0
2016-05-31,20:00:00,222.735,223.01,222.35,222.86,116848,0
2016-05-31,21:00:00,222.8027,222.85,221.9,222.41,174099,0
2016-05-31,22:00:00,222.27,223.3,222,223.23,942355,0
2016-06-01,16:00:00,221.48,222.4,216.89,216.9911,613661,0
2016-06-01,17:00:00,217.074,219,216.9,217.65,604429,0
2016-06-01,18:00:00,217.65,218.82,217.56,218.33,361311,0
2016-06-01,19:00:00,218.29,220.76,218.1301,220.76,296999,0
2016-06-01,20:00:00,220.7,220.83,219.225,219.66,144658,0
2016-06-01,21:00:00,219.6936,219.9,218.5,219,172416,0
2016-06-01,22:00:00,219.18,219.94,218.89,219.56,345935,0
2016-06-02,16:00:00,219.59,219.909,217.41,218.44,218850,0
2016-06-02,17:00:00,218.54,219.5,217.11,218.31,384401,0
2016-06-02,18:00:00,218.49,218.99,217.64,218.51,234800,0
2016-06-02,19:00:00,218.43,218.44,217.6,218.29,129041,0
2016-06-02,20:00:00,218.29,219.28,218.24,219,175618,0
2016-06-02,21:00:00,218.96,219.7899,218.84,219.16,156952,0
2016-06-02,22:00:00,219.24,219.67,218.28,218.96,308091,0
2016-06-03,16:00:00,220,221.94,219.56,221.4,384840,0
2016-06-03,17:00:00,221.27,221.31,218.4,219.02,338676,0
2016-06-03,18:00:00,219.07,219.28,218.17,218.71,198190,0
2016-06-03,19:00:00,218.8599,218.93,218.3,218.4,134513,0
2016-06-03,20:00:00,218.53,219.13,218.01,218.8133,130764,0
2016-06-03,21:00:00,218.8343,219.4699,218.27,218.9199,237267,0
2016-06-03,22:00:00,218.81,219.61,218.72,218.99,454439,0
2016-06-06,16:00:00,218,219.29,215.45,217.48,525655,0
2016-06-06,17:00:00,217.3161,218.89,216.4,218.62,255744,0
2016-06-06,18:00:00,218.64,220.1,218.45,219.44,285867,0
2016-06-06,19:00:00,219.48,220.08,218.52,218.97,165678,0
2016-06-06,20:00:00,218.98,220.9,218.92,220.78,158422,0
2016-06-06,21:00:00,220.665,220.6833,219.98,220.47,158455,0
2016-06-06,22:00:00,220.43,220.88,219.86,220.68,320179,0
2016-06-07,16:00:00,222.24,227.44,221.52,226.42,864122,0
2016-06-07,17:00:00,226.5,228.49,226,227.95,925350,0
2016-06-07,18:00:00,228.08,232.8,227.68,230.7609,1124659,0
2016-06-07,19:00:00,230.71,232.5,230.56,232,468767,0
2016-06-07,20:00:00,231.9431,234.44,231.86,232.91,679741,0
2016-06-07,21:00:00,232.83,233.54,231.82,231.8801,428210,0
2016-06-07,22:00:00,232.07,232.71,231.21,232.34,866078,0
2016-06-08,16:00:00,233.8,240.55,233.54,240.4,1430684,0
2016-06-08,17:00:00,240.4242,240.845,237.56,238.0799,993734,0
2016-06-08,18:00:00,237.95,238.16,233.63,233.78,872076,0
2016-06-08,19:00:00,233.69,235.8,232.605,235.69,529710,0
2016-06-08,20:00:00,235.69,236.6,234.71,234.878,354328,0
2016-06-08,21:00:00,234.92,235.67,234.17,235.45,303170,0
2016-06-08,22:00:00,235.42,236.45,235.26,235.52,557629,0
2016-06-09,16:00:00,234.98,235.33,232.2,234.5,481357,0
2016-06-09,17:00:00,234.55,234.85,232.3,233.5,541923,0
2016-06-09,18:00:00,233.55,234.1,232.68,233.12,309008,0
2016-06-09,19:00:00,233.03,233.97,232.46,233.54,197951,0
2016-06-09,20:00:00,233.64,234.69,233.27,233.52,203830,0
2016-06-09,21:00:00,233.54,234,233.26,233.4101,122641,0
2016-06-09,22:00:00,233.47,233.8099,227.06,229.34,1976469,0
2016-06-10,16:00:00,227.39,227.93,225.265,227.36,836800,0
2016-06-10,17:00:00,227.32,227.97,222.02,222.72,1134316,0
2016-06-10,18:00:00,222.72,223.04,221.34,222.52,781667,0
2016-06-10,19:00:00,222.55,223.28,221.69,221.9364,440907,0
2016-06-10,20:00:00,221.9588,222.0763,218.94,219.48,628369,0
2016-06-10,21:00:00,219.38,220.665,218.4217,220,507819,0
2016-06-10,22:00:00,219.9101,220.3462,218.44,218.79,824689,0
2016-06-13,16:00:00,219.5,225.1,219.4,223.9144,945402,0
2016-06-13,17:00:00,223.99,225.77,223.56,223.99,542232,0
2016-06-13,18:00:00,223.95,224.238,222.35,222.4771,354174,0
2016-06-13,19:00:00,222.43,222.52,219.37,219.91,627857,0
2016-06-13,20:00:00,219.92,220.23,219.05,219.473,263164,0
2016-06-13,21:00:00,219.58,220.1,218.5,218.59,296356,0
2016-06-13,22:00:00,218.57,219.14,217.66,217.87,518934,0
2016-06-14,16:00:00,218.88,222.2,218.81,220.25,413692,0
2016-06-14,17:00:00,220.29,220.99,217.11,217.88,415249,0
2016-06-14,18:00:00,217.8,218,216.01,216.19,382241,0
2016-06-14,19:00:00,216.2,218.42,216.2,216.95,186895,0
2016-06-14,20:00:00,216.8915,217.14,214.26,214.59,421401,0
2016-06-14,21:00:00,214.5,215.35,212.53,212.9,486378,0
2016-06-14,22:00:00,212.81,215.49,212.6,214.95,618424,0
2016-06-15,16:00:00,216.95,218.01,215.13,215.9218,329228,0
2016-06-15,17:00:00,217.7199,219.2,217.11,219.125,206347,0
2016-06-15,18:00:00,219.06,220.99,218.8,220.887,367733,0
2016-06-15,19:00:00,220.895,221.9,219.93,221.37,254927,0
2016-06-15,20:00:00,221.25,221.62,220.26,220.83,176670,0
2016-06-15,21:00:00,220.99,221.4,218.42,218.83,351808,0
2016-06-15,22:00:00,218.8699,219.14,217,217.7,485229,0
2016-06-16,16:00:00,217.42,217.6,213.75,213.85,383941,0
2016-06-16,17:00:00,213.8501,215.4599,213.5,214.2601,465587,0
2016-06-16,18:00:00,214.2801,216.35,214.2801,215.62,293485,0
2016-06-16,19:00:00,215.53,217.455,215.21,217,242888,0
2016-06-16,20:00:00,217.0286,218,216.25,216.2989,197361,0
2016-06-16,21:00:00,216.3713,217.74,216.3,217.16,135767,0
2016-06-16,22:00:00,217.08,218.04,217,217.93,360722,0
2016-06-17,16:00:00,217.81,219.82,217.06,219.69,362620,0
2016-06-17,17:00:00,219.6101,219.99,217.5,218.295,280082,0
2016-06-17,18:00:00,218.19,218.4785,217.12,217.35,257368,0
2016-06-17,19:00:00,217.38,218.06,217.2724,217.84,203227,0
2016-06-17,20:00:00,217.74,219.04,217.31,218.6,233179,0
2016-06-17,21:00:00,218.545,218.6,216.24,216.34,233420,0
2016-06-17,22:00:00,216.35,216.36,214.5,215.48,766837,0
2016-06-20,16:00:00,219.5,220.35,218.23,219.06,526648,0
2016-06-20,17:00:00,219,222.75,218.76,222.412,680844,0
2016-06-20,18:00:00,222.37,223.75,221.8,222.61,488142,0
2016-06-20,19:00:00,222.55,222.6622,220.67,220.73,271092,0
2016-06-20,20:00:00,220.79,222.19,220.46,221.34,300462,0
2016-06-20,21:00:00,221.2201,221.59,219.85,220.87,185392,0
2016-06-20,22:00:00,220.9,220.98,219.2,219.7,526236,0
2016-06-21,16:00:00,220.68,222.569,219.09,221.85,416397,0
2016-06-21,17:00:00,221.8,222.0999,219.6,219.82,515168,0
2016-06-21,18:00:00,219.82,220.89,219.305,219.76,313531,0
2016-06-21,19:00:00,219.91,220.33,219.53,219.84,155645,0
2016-06-21,20:00:00,219.93,220.01,218.81,219.39,212749,0
2016-06-21,21:00:00,219.48,220.5775,219.29,220.35,156376,0
2016-06-21,22:00:00,220.3,220.6,219.53,219.61,325174,0
2016-06-22,16:00:00,199.47,204.5978,198,200.15,6030708,0
2016-06-22,17:00:00,200.1,204.68,198.6,204.62,3241782,0
2016-06-22,18:00:00,204.57,205.95,201.654,202.29,2023330,0
2016-06-22,19:00:00,202.29,202.31,199.13,200.96,2017804,0
2016-06-22,20:00:00,200.94,201.29,199.18,199.29,868148,0
2016-06-22,21:00:00,199.37,200.42,196.72,197.3812,1627686,0
2016-06-22,22:00:00,197.4295,197.64,195.75,196.66,2724139,0
2016-06-23,16:00:00,195.69,195.74,192.13,192.6599,2050251,0
2016-06-23,17:00:00,192.67,197.55,192.45,195.2,1777910,0
2016-06-23,18:00:00,195.15,195.4,193,193.2986,887647,0
2016-06-23,19:00:00,193.31,195.32,193.07,194.8932,761660,0
2016-06-23,20:00:00,194.8801,196.8692,194.8801,195.278,756358,0
2016-06-23,21:00:00,195.35,195.4,194.03,194.95,549669,0
2016-06-23,22:00:00,194.95,196.7,194.7201,196.4,1117079,0
2016-06-24,16:00:00,190.05,194.9683,190.01,194.075,1190120,0
2016-06-24,17:00:00,194.45,195.12,192.9,193.04,797784,0
2016-06-24,18:00:00,193.13,193.36,192.33,192.885,499386,0
2016-06-24,19:00:00,192.93,193.27,191.52,191.78,456685,0
2016-06-24,20:00:00,191.79,192.2699,191.2227,191.377,325707,0
2016-06-24,21:00:00,191.525,191.54,189.73,190.51,642414,0
2016-06-24,22:00:00,190.51,193.18,190.31,193.15,1392630,0
2016-06-27,16:00:00,190.86,191.7999,189.03,190.1791,884918,0
2016-06-27,17:00:00,190.048,190.535,187.91,188.09,780645,0
2016-06-27,18:00:00,188.18,191.5609,187.87,191.03,723330,0
2016-06-27,19:00:00,191.1799,196.99,190.66,196.765,871799,0
2016-06-27,20:00:00,196.95,197.28,195.06,196.7,894459,0
2016-06-27,21:00:00,196.62,197.2,194.01,194.67,621255,0
2016-06-27,22:00:00,194.67,198.81,194.39,198.55,1119942,0
2016-06-28,16:00:00,201.89,204.05,200.336,201.44,1182075,0
2016-06-28,17:00:00,201.1601,202.45,199.41,201.97,882206,0
2016-06-28,18:00:00,201.96,202.085,200.07,200.68,364519,0
2016-06-28,19:00:00,200.67,201.81,199.73,201.1087,239691,0
2016-06-28,20:00:00,201,201.61,200.41,201.3,221379,0
2016-06-28,21:00:00,201.37,202.5,200.57,202.2499,304906,0
2016-06-28,22:00:00,202.25,202.9497,200.9,201.79,1194224,0
2016-06-29,16:00:00,205.13,205.4299,203,204.75,631907,0
2016-06-29,17:00:00,204.61,206.89,203.88,206.87,825614,0
2016-06-29,18:00:00,206.86,209.6,206.86,209.195,834528,0
2016-06-29,19:00:00,209.1001,209.4997,207.81,208,375429,0
2016-06-29,20:00:00,208.0128,209.3,207.95,208.98,291273,0
2016-06-29,21:00:00,209.06,210,208.88,209.8,495154,0
2016-06-29,22:00:00,209.88,211.78,209.18,210.16,1069390,0
