Date,Time,Open,High,Low,Close,Volume,OpenInt
2015-12-07,16:00:00,58.702,59.422,58.702,59.362,1448181,0
2015-12-07,17:00:00,59.362,59.618,59.299,59.472,1887177,0
2015-12-07,18:00:00,59.462,59.826,59.352,59.766,1359871,0
2015-12-07,19:00:00,59.766,59.846,59.53,59.565,981105,0
2015-12-07,20:00:00,59.57,59.738,59.545,59.698,1044113,0
2015-12-07,21:00:00,59.698,59.796,59.618,59.668,1113828,0
2015-12-07,22:00:00,59.658,59.776,59.54,59.618,2577464,0
2015-12-08,16:00:00,59.196,59.609,58.939,58.958,1230906,0
2015-12-08,17:00:00,58.958,59.086,58.86,59.003,1373774,0
2015-12-08,18:00:00,59.008,59.196,58.782,58.808,1341158,0
2015-12-08,19:00:00,58.81,58.89,58.634,58.87,1003679,0
2015-12-08,20:00:00,58.865,58.93,58.682,58.712,794504,0
2015-12-08,21:00:00,58.712,58.958,58.692,58.792,949086,0
2015-12-08,22:00:00,58.787,58.895,58.654,58.742,2986245,0
2015-12-09,16:00:00,58.397,58.594,58.042,58.496,818142,0
2015-12-09,17:00:00,58.502,59.234,58.416,59.003,1324274,0
2015-12-09,18:00:00,59.003,59.214,58.544,58.634,1348619,0
2015-12-09,19:00:00,58.634,58.712,58.102,58.24,1015073,0
2015-12-09,20:00:00,58.24,58.401,58.112,58.19,853606,0
2015-12-09,21:00:00,58.2,58.396,58.18,58.245,817934,0
2015-12-09,22:00:00,58.25,58.53,58.23,58.268,2306007,0
2015-12-10,16:00:00,58.23,58.752,58.23,58.544,287604,0
2015-12-10,17:00:00,58.544,59.205,58.539,58.993,1722139,0
2015-12-10,18:00:00,58.993,59.126,58.722,58.782,1032297,0
2015-12-10,19:00:00,58.792,58.835,58.539,58.722,1046833,0
2015-12-10,20:00:00,58.732,58.83,58.584,58.722,886853,0
2015-12-10,21:00:00,58.742,59.214,58.682,58.938,1585217,0
2015-12-10,22:00:00,58.934,58.939,58.584,58.692,3102986,0
2015-12-11,16:00:00,58.19,58.416,57.954,58.102,1022390,0
2015-12-11,17:00:00,58.092,58.663,57.993,58.397,1277124,0
2015-12-11,18:00:00,58.397,58.554,58.308,58.338,1265940,0
2015-12-11,19:00:00,58.348,58.406,58.16,58.397,848931,0
2015-12-11,20:00:00,58.388,58.426,58.278,58.308,722225,0
2015-12-11,21:00:00,58.308,58.663,58.308,58.554,1312551,0
2015-12-11,22:00:00,58.564,58.614,58.368,58.496,2659627,0
2015-12-14,16:00:00,58.436,59.126,58.388,58.707,935268,0
2015-12-14,17:00:00,58.712,59.156,58.516,58.604,1649011,0
2015-12-14,18:00:00,58.604,58.712,58.21,58.682,1382140,0
2015-12-14,19:00:00,58.682,58.968,58.496,58.938,1270539,0
2015-12-14,20:00:00,58.939,58.988,58.599,58.9,1023108,0
2015-12-14,21:00:00,58.9,59.106,58.742,59.048,1412488,0
2015-12-14,22:00:00,59.058,59.56,58.862,59.51,4948475,0
2015-12-15,16:00:00,59.756,59.954,59.609,59.872,1377385,0
2015-12-15,17:00:00,59.875,59.875,59.068,59.136,2140887,0
2015-12-15,18:00:00,59.136,59.274,59.028,59.146,1633219,0
2015-12-15,19:00:00,59.156,59.254,59.076,59.118,1280124,0
2015-12-15,20:00:00,59.126,59.156,58.85,59.058,1564868,0
2015-12-15,21:00:00,59.053,59.086,58.792,58.84,1218781,0
2015-12-15,22:00:00,58.84,58.91,58.702,58.772,3483263,0
2015-12-16,16:00:00,59.234,59.766,59.205,59.585,1112833,0
2015-12-16,17:00:00,59.59,59.609,59.314,59.436,1169679,0
2015-12-16,18:00:00,59.432,59.467,59.334,59.382,803653,0
2015-12-16,19:00:00,59.392,59.452,59.156,59.289,841935,0
2015-12-16,20:00:00,59.284,59.41,59.136,59.294,1004235,0
2015-12-16,21:00:00,59.284,59.452,58.83,59.362,976285,0
2015-12-16,22:00:00,59.362,59.56,59.254,59.422,816070,0
2015-12-17,16:00:00,59.452,59.452,58.692,58.694,1106067,0
2015-12-17,17:00:00,58.697,58.92,58.549,58.697,1657465,0
2015-12-17,18:00:00,58.692,58.732,58.338,58.659,1675604,0
2015-12-17,19:00:00,58.663,58.82,58.368,58.396,1264027,0
2015-12-17,20:00:00,58.397,58.55,58.298,58.456,1231274,0
2015-12-17,21:00:00,58.466,58.534,58.21,58.397,1827520,0
2015-12-17,22:00:00,58.401,58.456,58.112,58.121,3476395,0
2015-12-18,16:00:00,58.072,58.278,57.894,58.225,3535000,0
2015-12-18,17:00:00,58.23,58.269,58.082,58.17,1716911,0
2015-12-18,18:00:00,58.175,58.318,58.112,58.278,1013516,0
2015-12-18,19:00:00,58.283,58.456,58.19,58.288,953508,0
2015-12-18,20:00:00,58.288,58.416,58.19,58.368,953926,0
2015-12-18,21:00:00,58.378,58.534,58.18,58.2,1139171,0
2015-12-18,22:00:00,58.195,58.268,57.974,57.993,5008885,0
2015-12-21,16:00:00,57.964,58.062,57.816,57.978,1555454,0
2015-12-21,17:00:00,57.983,58.17,57.88,58.042,1777585,0
2015-12-21,18:00:00,58.037,58.15,57.908,58.052,1136155,0
2015-12-21,19:00:00,58.052,58.24,58.052,58.21,612522,0
2015-12-21,20:00:00,58.21,58.516,58.21,58.466,805933,0
2015-12-21,21:00:00,58.472,58.574,58.456,58.506,847764,0
2015-12-21,22:00:00,58.506,58.712,58.313,58.682,2362541,0
2015-12-22,16:00:00,58.92,59.126,58.742,59.068,759488,0
2015-12-22,17:00:00,59.068,59.362,59.028,59.362,1171811,0
2015-12-22,18:00:00,59.352,59.59,59.224,59.57,1147082,0
2015-12-22,19:00:00,59.57,59.742,59.49,59.728,980096,0
2015-12-22,20:00:00,59.732,59.738,59.609,59.638,867494,0
2015-12-22,21:00:00,59.638,59.718,59.574,59.683,910647,0
2015-12-22,22:00:00,59.681,59.816,59.618,59.658,2478139,0
2015-12-23,16:00:00,60.112,60.132,59.638,59.698,915465,0
2015-12-23,17:00:00,59.688,59.899,59.56,59.885,1058657,0
2015-12-23,18:00:00,59.89,60.092,59.836,60.072,662413,0
2015-12-23,19:00:00,60.072,60.161,60.013,60.062,816494,0
2015-12-23,20:00:00,60.072,60.082,59.885,60.052,546875,0
2015-12-23,21:00:00,60.052,60.23,60.023,60.151,828885,0
2015-12-23,22:00:00,60.142,60.21,60.052,60.2,1755502,0
2015-12-24,16:00:00,59.894,60.21,59.836,60.027,483451,0
2015-12-24,17:00:00,60.032,60.112,59.875,59.994,552530,0
2015-12-24,18:00:00,59.994,60.082,59.796,60.052,493092,0
2015-12-24,19:00:00,60.047,60.092,59.904,59.924,544470,0
2015-12-24,20:00:00,59.924,59.944,59.924,59.944,240682,0
2015-12-28,16:00:00,59.698,60.082,59.618,60.013,589446,0
2015-12-28,17:00:00,60.014,60.023,59.766,59.826,768336,0
2015-12-28,18:00:00,59.826,60.013,59.776,59.974,701792,0
2015-12-28,19:00:00,59.97,60.013,59.776,59.786,616195,0
2015-12-28,20:00:00,59.796,59.924,59.738,59.795,559645,0
2015-12-28,21:00:00,59.786,59.885,59.776,59.826,540395,0
2015-12-28,22:00:00,59.82,59.919,59.806,59.866,1118527,0
2015-12-29,16:00:00,60.112,60.752,60.092,60.703,910776,0
2015-12-29,17:00:00,60.703,60.792,60.644,60.752,1176824,0
2015-12-29,18:00:00,60.752,60.85,60.722,60.732,1033060,0
2015-12-29,19:00:00,60.732,60.812,60.644,60.654,707294,0
2015-12-29,20:00:00,60.644,60.836,60.644,60.797,698984,0
2015-12-29,21:00:00,60.792,60.802,60.703,60.767,747952,0
2015-12-29,22:00:00,60.767,60.85,60.664,60.712,2019247,0
2015-12-30,16:00:00,60.762,60.86,60.674,60.722,538805,0
2015-12-30,17:00:00,60.722,60.762,60.594,60.742,719515,0
2015-12-30,18:00:00,60.747,60.846,60.703,60.831,571071,0
2015-12-30,19:00:00,60.831,60.92,60.742,60.92,669636,0
2015-12-30,20:00:00,60.92,60.945,60.812,60.925,559852,0
2015-12-30,21:00:00,60.925,60.945,60.831,60.88,676674,0
2015-12-30,22:00:00,60.89,60.969,60.757,60.782,1556069,0
2015-12-31,16:00:00,60.437,60.555,60.358,60.536,486341,0
2015-12-31,17:00:00,60.536,60.565,60.279,60.378,792390,0
2015-12-31,18:00:00,60.378,60.594,60.368,60.574,664702,0
2015-12-31,19:00:00,60.581,60.821,60.536,60.752,710681,0
2015-12-31,20:00:00,60.752,60.782,60.604,60.614,535985,0
2015-12-31,21:00:00,60.614,60.664,60.446,60.536,637780,0
2015-12-31,22:00:00,60.526,60.654,60.408,60.408,2217438,0
2016-01-04,16:00:00,59.618,60.111,59.481,59.866,1334956,0
2016-01-04,17:00:00,59.866,60.23,59.708,59.924,1706610,0
2016-01-04,18:00:00,59.904,60.032,59.618,60.013,1639304,0
2016-01-04,19:00:00,60.004,60.437,59.964,60.24,1440965,0
2016-01-04,20:00:00,60.25,60.408,60.22,60.299,993905,0
2016-01-04,21:00:00,60.289,60.299,60.004,60.052,932517,0
2016-01-04,22:00:00,60.062,60.594,59.974,60.565,2707854,0
2016-01-05,16:00:00,61.126,61.56,60.949,61.353,1480975,0
2016-01-05,17:00:00,61.353,61.698,61.344,61.688,1773821,0
2016-01-05,18:00:00,61.683,61.886,61.511,61.846,1480408,0
2016-01-05,19:00:00,61.846,61.876,61.61,61.787,1215288,0
2016-01-05,20:00:00,61.797,61.974,61.698,61.826,1012919,0
2016-01-05,21:00:00,61.816,62.073,61.772,61.984,1485361,0
2016-01-05,22:00:00,61.984,62.132,61.806,62.004,3284853,0
2016-01-06,16:00:00,61.57,62.723,61.56,62.663,2203559,0
2016-01-06,17:00:00,62.664,62.915,62.398,62.536,3011340,0
2016-01-06,18:00:00,62.546,62.851,62.496,62.782,1673797,0
2016-01-06,19:00:00,62.782,63.019,62.654,62.861,1252119,0
2016-01-06,20:00:00,62.856,62.905,62.713,62.876,1267349,0
2016-01-06,21:00:00,62.88,62.999,62.358,62.477,2125241,0
2016-01-06,22:00:00,62.477,62.723,62.339,62.624,4038693,0
2016-01-07,16:00:00,62.053,63.718,62.004,63.629,2659668,0
2016-01-07,17:00:00,63.629,64.28,63.462,63.728,4855707,0
2016-01-07,18:00:00,63.728,63.807,63.373,63.62,2219728,0
2016-01-07,19:00:00,63.62,64.132,63.58,63.888,2965599,0
2016-01-07,20:00:00,63.886,63.999,63.496,63.792,2549429,0
2016-01-07,21:00:00,63.797,63.955,63.561,63.571,2849706,0
2016-01-07,22:00:00,63.571,64.171,63.551,64.083,6542240,0
2016-01-08,16:00:00,64.132,64.457,63.649,63.856,1891189,0
2016-01-08,17:00:00,63.856,64.004,63.354,63.699,2971786,0
2016-01-08,18:00:00,63.699,63.807,63.561,63.669,2124268,0
2016-01-08,19:00:00,63.669,63.847,63.501,63.704,1227139,0
2016-01-08,20:00:00,63.702,63.837,63.669,63.689,1245198,0
2016-01-08,21:00:00,63.699,63.827,63.295,63.354,2403930,0
2016-01-08,22:00:00,63.344,63.349,62.486,62.615,4824641,0
2016-01-11,16:00:00,62.792,63.245,62.723,62.979,1126938,0
2016-01-11,17:00:00,62.979,63.373,62.802,62.896,2237218,0
2016-01-11,18:00:00,62.871,63.275,62.703,63.107,1216209,0
2016-01-11,19:00:00,63.107,63.206,62.9,63.088,814275,0
2016-01-11,20:00:00,63.088,63.127,62.772,62.861,1117265,0
2016-01-11,21:00:00,62.861,63.167,62.822,62.94,1462204,0
2016-01-11,22:00:00,62.94,63.526,62.91,63.285,3835483,0
2016-01-12,16:00:00,63.442,63.787,63.373,63.6,971593,0
2016-01-12,17:00:00,63.6,63.61,63.206,63.344,1305145,0
2016-01-12,18:00:00,63.346,63.346,63.029,63.058,1052199,0
2016-01-12,19:00:00,63.059,63.196,62.9,62.969,674292,0
2016-01-12,20:00:00,62.959,63.097,62.876,62.876,855271,0
2016-01-12,21:00:00,62.871,62.92,62.507,62.684,1911007,0
2016-01-12,22:00:00,62.689,62.812,62.526,62.693,4244743,0
2016-01-13,16:00:00,62.802,62.802,61.806,61.964,1167885,0
2016-01-13,17:00:00,61.964,62.23,61.363,61.521,1942028,0
2016-01-13,18:00:00,61.53,61.816,61.383,61.482,1690832,0
2016-01-13,19:00:00,61.491,61.6,61.422,61.482,951679,0
2016-01-13,20:00:00,61.482,61.56,61.294,61.363,1342141,0
2016-01-13,21:00:00,61.364,61.521,61.068,61.136,1635237,0
2016-01-13,22:00:00,61.146,61.462,60.93,61.018,3760799,0
2016-01-14,16:00:00,61.097,61.58,60.959,61.028,1047427,0
2016-01-14,17:00:00,61.038,62.014,60.92,61.836,2526198,0
2016-01-14,18:00:00,61.846,62.152,61.738,62.059,1378596,0
2016-01-14,19:00:00,62.053,62.108,61.787,61.935,952083,0
2016-01-14,20:00:00,61.935,62.324,61.935,62.215,808844,0
2016-01-14,21:00:00,62.211,62.283,62.028,62.27,1072966,0
2016-01-14,22:00:00,62.274,62.693,62.068,62.142,3582904,0
2016-01-15,16:00:00,60.654,61.56,60.604,60.752,1979222,0
2016-01-15,17:00:00,60.727,61.482,60.408,61.304,1643397,0
2016-01-15,18:00:00,61.314,61.56,60.87,60.959,1435182,0
2016-01-15,19:00:00,60.949,60.949,60.408,60.476,1463391,0
2016-01-15,20:00:00,60.466,60.94,60.368,60.883,1183540,0
2016-01-15,21:00:00,60.89,61.216,60.693,61.157,1350009,0
2016-01-15,22:00:00,61.166,61.235,60.9,61.028,4776590,0
2016-01-19,16:00:00,61.206,61.856,61.107,61.54,1053170,0
2016-01-19,17:00:00,61.53,61.851,61.363,61.393,1824463,0
2016-01-19,18:00:00,61.402,61.678,61.304,61.57,1112757,0
2016-01-19,19:00:00,61.57,61.6,61.235,61.53,1120370,0
2016-01-19,20:00:00,61.54,61.748,61.516,61.647,1142003,0
2016-01-19,21:00:00,61.639,61.678,61.264,61.334,1533906,0
2016-01-19,22:00:00,61.324,61.886,61.264,61.649,3065853,0
2016-01-20,16:00:00,60.9,61.422,60.516,60.614,1455536,0
2016-01-20,17:00:00,60.614,60.722,59.856,59.924,2197311,0
2016-01-20,18:00:00,59.924,60.195,59.806,59.894,1453132,0
2016-01-20,19:00:00,59.894,59.994,59.372,59.618,1811394,0
2016-01-20,20:00:00,59.609,59.904,59.324,59.708,2032475,0
2016-01-20,21:00:00,59.708,59.974,59.52,59.698,2137879,0
2016-01-20,22:00:00,59.698,60.388,59.643,59.954,5341278,0
2016-01-21,16:00:00,60.092,60.516,60.023,60.112,951520,0
2016-01-21,17:00:00,60.122,61.569,60.052,61.078,2289521,0
2016-01-21,18:00:00,61.087,61.442,60.89,61.393,1578192,0
2016-01-21,19:00:00,61.402,61.876,61.402,61.54,1301619,0
2016-01-21,20:00:00,61.53,61.55,60.94,61.126,1215178,0
2016-01-21,21:00:00,61.126,61.196,60.821,61.068,1434020,0
2016-01-21,22:00:00,61.068,61.196,60.805,60.949,1846186,0
2016-01-22,16:00:00,61.53,61.974,61.225,61.856,977639,0
2016-01-22,17:00:00,61.866,62.339,61.806,61.856,1417328,0
2016-01-22,18:00:00,61.851,61.964,61.659,61.665,1166143,0
2016-01-22,19:00:00,61.659,62.082,61.649,61.974,786011,0
2016-01-22,20:00:00,61.974,62.053,61.678,62.014,606194,0
2016-01-22,21:00:00,62.014,62.092,61.659,61.708,834099,0
2016-01-22,22:00:00,61.718,61.806,61.491,61.777,2601525,0
2016-01-25,16:00:00,61.866,62.112,61.639,61.915,847117,0
2016-01-25,17:00:00,61.905,62.753,61.806,62.713,1662206,0
2016-01-25,18:00:00,62.703,62.891,62.408,62.817,1894771,0
2016-01-25,19:00:00,62.802,62.876,62.605,62.733,1015769,0
2016-01-25,20:00:00,62.733,62.831,62.516,62.523,902222,0
2016-01-25,21:00:00,62.516,62.782,62.477,62.767,1175542,0
2016-01-25,22:00:00,62.762,62.817,62.486,62.526,4032825,0
2016-01-26,16:00:00,62.437,63.226,62.339,63.206,787521,0
2016-01-26,17:00:00,63.226,63.531,63.068,63.216,1194913,0
2016-01-26,18:00:00,63.206,63.521,63.088,63.235,947902,0
2016-01-26,19:00:00,63.235,63.433,63.196,63.245,682288,0
2016-01-26,20:00:00,63.245,63.403,63.024,63.029,678558,0
2016-01-26,21:00:00,63.029,63.088,62.851,63.068,1033374,0
2016-01-26,22:00:00,63.068,63.176,62.831,63.068,2925586,0
2016-01-27,16:00:00,63.167,63.511,63.157,63.216,654611,0
2016-01-27,17:00:00,63.216,63.61,63.009,63.511,1156963,0
2016-01-27,18:00:00,63.511,63.985,63.403,63.955,875743,0
2016-01-27,19:00:00,63.965,64.231,63.955,64.014,1123809,0
2016-01-27,20:00:00,64.004,64.063,63.649,63.817,835834,0
2016-01-27,21:00:00,63.817,64.033,63.363,63.462,1278323,0
2016-01-27,22:00:00,63.462,63.472,62.959,63.019,3575412,0
2016-01-28,16:00:00,63.097,63.561,63.019,63.433,792150,0
2016-01-28,17:00:00,63.433,63.482,62.506,62.782,1915904,0
2016-01-28,18:00:00,62.782,62.989,62.703,62.703,1090733,0
2016-01-28,19:00:00,62.713,63.196,62.693,63.07,1013279,0
2016-01-28,20:00:00,63.078,63.403,62.9,62.904,1411301,0
2016-01-28,21:00:00,62.907,63.354,62.787,63.354,1329883,0
2016-01-28,22:00:00,63.344,63.571,63.245,63.285,3031788,0
2016-01-29,16:00:00,63.807,64.635,63.797,64.418,1283299,0
2016-01-29,17:00:00,64.467,64.575,64.063,64.246,1650881,0
2016-01-29,18:00:00,64.261,64.527,64.024,64.251,1372773,0
2016-01-29,19:00:00,64.256,64.256,64.029,64.118,1022838,0
2016-01-29,20:00:00,64.118,65.147,64.103,65.049,2179334,0
2016-01-29,21:00:00,65.039,65.315,64.95,65.265,1837749,0
2016-01-29,22:00:00,65.275,65.561,65.177,65.393,5632722,0
2016-02-01,16:00:00,64.95,65.768,64.931,65.611,1103664,0
2016-02-01,17:00:00,65.606,66.093,65.403,66.083,1717989,0
2016-02-01,18:00:00,66.08,66.439,65.99,66.429,1836860,0
2016-02-01,19:00:00,66.429,66.497,66.221,66.482,1858960,0
2016-02-01,20:00:00,66.484,66.803,66.349,66.497,1669753,0
2016-02-01,21:00:00,66.487,66.793,66.216,66.747,1878317,0
2016-02-01,22:00:00,66.743,66.941,66.487,66.517,3489642,0
2016-02-02,16:00:00,66.319,66.852,65.787,65.938,2111560,0
2016-02-02,17:00:00,65.935,65.935,65.315,65.709,2468917,0
2016-02-02,18:00:00,65.719,66.093,65.684,65.906,1441765,0
2016-02-02,19:00:00,65.906,65.912,65.689,65.827,1203293,0
2016-02-02,20:00:00,65.817,65.93,65.689,65.787,1142887,0
2016-02-02,21:00:00,65.797,65.862,65.561,65.827,1499649,0
2016-02-02,22:00:00,65.822,65.965,65.713,65.887,2314833,0
2016-02-03,16:00:00,66.329,66.517,65.915,66.063,934945,0
2016-02-03,17:00:00,66.043,66.043,64.123,64.901,2641488,0
2016-02-03,18:00:00,64.891,65.659,64.694,65.336,1758567,0
2016-02-03,19:00:00,65.335,65.463,64.861,65.364,1154231,0
2016-02-03,20:00:00,65.354,65.492,65.039,65.049,682035,0
2016-02-03,21:00:00,65.049,65.975,65.039,65.729,1247305,0
2016-02-03,22:00:00,65.739,65.797,65.197,65.305,2348861,0
2016-02-04,16:00:00,64.803,64.989,64.063,64.437,1443478,0
2016-02-04,17:00:00,64.437,64.822,64.063,64.793,2341712,0
2016-02-04,18:00:00,64.783,64.812,64.3,64.329,1825440,0
2016-02-04,19:00:00,64.339,65.132,64.329,64.999,951386,0
2016-02-04,20:00:00,64.999,65.478,64.97,65.217,1121323,0
2016-02-04,21:00:00,65.217,65.453,65.01,65.255,1540338,0
2016-02-04,22:00:00,65.265,65.581,65.167,65.453,2562793,0
2016-02-05,16:00:00,65.887,66.547,65.739,65.901,2067907,0
2016-02-05,17:00:00,65.897,66.29,65.739,66.015,1744115,0
2016-02-05,18:00:00,66.025,66.251,65.591,66.221,1324168,0
2016-02-05,19:00:00,66.221,66.472,65.965,66.138,1320126,0
2016-02-05,20:00:00,66.133,66.271,65.325,65.463,1403226,0
2016-02-05,21:00:00,65.458,65.511,64.921,65.468,1698024,0
2016-02-05,22:00:00,65.463,66.035,65.383,66.025,3529901,0
2016-02-08,16:00:00,65.531,66.123,65.265,65.354,1960257,0
2016-02-08,17:00:00,65.345,65.541,64.536,64.95,2364791,0
2016-02-08,18:00:00,64.96,64.979,64.214,64.812,2483847,0
2016-02-08,19:00:00,64.822,65.226,64.694,65.207,1792979,0
2016-02-08,20:00:00,65.217,65.531,65.197,65.305,1086573,0
2016-02-08,21:00:00,65.295,65.669,65.265,65.492,1683052,0
2016-02-08,22:00:00,65.483,66.173,65.443,65.925,3125139,0
2016-02-09,16:00:00,64.536,65.443,64.536,64.615,1999568,0
2016-02-09,17:00:00,64.615,64.723,63.738,64.014,3096181,0
2016-02-09,18:00:00,64.019,64.546,63.965,64.241,1516277,0
2016-02-09,19:00:00,64.231,64.477,64.093,64.132,1227526,0
2016-02-09,20:00:00,64.132,64.989,63.965,64.941,1227245,0
2016-02-09,21:00:00,64.947,65.177,64.694,65.019,1202364,0
2016-02-09,22:00:00,65.019,65.373,64.788,64.851,2618094,0
2016-02-10,16:00:00,65.226,65.511,65.107,65.413,1094365,0
2016-02-10,17:00:00,65.413,65.621,65.28,65.403,1652814,0
2016-02-10,18:00:00,65.403,65.541,65.157,65.393,958423,0
2016-02-10,19:00:00,65.403,65.586,65.354,65.541,853583,0
2016-02-10,20:00:00,65.551,65.601,65.345,65.423,717751,0
2016-02-10,21:00:00,65.423,65.502,65.182,65.231,918557,0
2016-02-10,22:00:00,65.236,65.345,64.689,64.832,2473139,0
2016-02-11,16:00:00,64.073,64.803,64.004,64.546,1124771,0
2016-02-11,17:00:00,64.536,64.536,64.058,64.27,1033697,0
2016-02-11,18:00:00,64.261,64.319,63.847,64.093,1044854,0
2016-02-11,19:00:00,64.103,64.251,63.837,64.024,1044112,0
2016-02-11,20:00:00,64.033,64.231,63.935,64.205,1097310,0
2016-02-11,21:00:00,64.211,64.507,64.053,64.329,1316584,0
2016-02-11,22:00:00,64.33,64.561,64.171,64.369,3065287,0
2016-02-12,16:00:00,64.566,64.861,63.925,64.389,1016162,0
2016-02-12,17:00:00,64.389,64.713,64.241,64.585,1112159,0
2016-02-12,18:00:00,64.595,65.098,64.575,64.891,925011,0
2016-02-12,19:00:00,64.891,65.245,64.763,65.197,741242,0
2016-02-12,20:00:00,65.197,65.285,64.941,65.029,854442,0
2016-02-12,21:00:00,65.019,65.167,64.941,65.107,736842,0
2016-02-12,22:00:00,65.107,65.245,64.989,65.217,3135510,0
2016-02-16,16:00:00,65.64,65.827,64.803,64.906,1342222,0
2016-02-16,17:00:00,64.896,65.079,64.546,64.763,1273029,0
2016-02-16,18:00:00,64.753,65.157,64.753,65.127,909784,0
2016-02-16,19:00:00,65.137,65.433,65.088,65.403,806259,0
2016-02-16,20:00:00,65.393,65.497,65.029,65.107,855772,0
2016-02-16,21:00:00,65.107,65.117,64.851,64.851,1368667,0
2016-02-16,22:00:00,64.861,64.96,64.713,64.941,3357051,0
2016-02-17,16:00:00,65.137,65.502,64.851,65.236,1177613,0
2016-02-17,17:00:00,65.236,65.64,65.119,65.315,1309835,0
2016-02-17,18:00:00,65.32,65.581,65.217,65.453,1413982,0
2016-02-17,19:00:00,65.453,65.502,65.236,65.305,1151756,0
2016-02-17,20:00:00,65.31,65.354,65.217,65.245,1190470,0
2016-02-17,21:00:00,65.245,65.463,65.236,65.275,1447012,0
2016-02-17,22:00:00,65.275,65.354,65.137,65.147,3939770,0
2016-02-18,16:00:00,62.812,62.959,61.442,61.836,6638282,0
2016-02-18,17:00:00,61.836,62.585,61.659,62.57,4333458,0
2016-02-18,18:00:00,62.556,62.565,61.787,62.299,2329439,0
2016-02-18,19:00:00,62.294,62.782,62.171,62.782,1736686,0
2016-02-18,20:00:00,62.772,63.423,62.654,63.334,2198482,0
2016-02-18,21:00:00,63.334,63.837,63.265,63.679,2003369,0
2016-02-18,22:00:00,63.669,63.807,62.22,63.186,6213203,0
2016-02-19,16:00:00,62.959,63.363,62.516,63.295,2302028,0
2016-02-19,17:00:00,63.295,63.501,62.969,63.447,2497042,0
2016-02-19,18:00:00,63.442,63.482,63.216,63.305,1488794,0
2016-02-19,19:00:00,63.314,63.58,63.245,63.438,1064557,0
2016-02-19,20:00:00,63.433,63.501,63.3,63.457,946358,0
2016-02-19,21:00:00,63.452,63.758,63.447,63.639,1559745,0
2016-02-19,22:00:00,63.639,63.822,63.585,63.718,3965551,0
2016-02-22,16:00:00,64.014,64.822,64.014,64.793,884380,0
2016-02-22,17:00:00,64.793,64.871,64.309,64.507,1605483,0
2016-02-22,18:00:00,64.517,64.743,64.389,64.718,1081737,0
2016-02-22,19:00:00,64.713,65.172,64.507,65.088,1111557,0
2016-02-22,20:00:00,65.088,65.147,64.875,65.117,705868,0
2016-02-22,21:00:00,65.117,65.147,64.871,64.95,817996,0
2016-02-22,22:00:00,64.95,64.96,64.497,64.674,3420860,0
2016-02-23,16:00:00,64.881,64.96,64.329,64.841,966193,0
2016-02-23,17:00:00,64.842,65.088,64.615,64.625,1389372,0
2016-02-23,18:00:00,64.633,64.891,64.546,64.793,973079,0
2016-02-23,19:00:00,64.793,64.901,64.674,64.851,713905,0
2016-02-23,20:00:00,64.851,65.039,64.822,64.989,878054,0
2016-02-23,21:00:00,64.989,65.443,64.989,65.35,1657836,0
2016-02-23,22:00:00,65.345,65.63,65.142,65.511,3860740,0
2016-02-24,16:00:00,65.226,65.335,64.803,65.147,1356004,0
2016-02-24,17:00:00,65.146,65.516,64.763,65.463,1479211,0
2016-02-24,18:00:00,65.463,65.837,65.373,65.777,1335902,0
2016-02-24,19:00:00,65.777,65.965,65.581,65.63,920035,0
2016-02-24,20:00:00,65.64,65.812,65.29,65.393,807373,0
2016-02-24,21:00:00,65.403,65.877,65.325,65.745,921662,0
2016-02-24,22:00:00,65.742,66.349,65.679,66.143,2326611,0
2016-02-25,16:00:00,66.467,66.743,66.349,66.507,796910,0
2016-02-25,17:00:00,66.507,67.137,66.447,66.763,1649728,0
2016-02-25,18:00:00,66.763,66.818,66.369,66.695,1234790,0
2016-02-25,19:00:00,66.695,66.813,66.547,66.675,895944,0
2016-02-25,20:00:00,66.685,67.009,66.675,66.956,677270,0
2016-02-25,21:00:00,66.956,67.009,66.833,66.861,1048119,0
2016-02-25,22:00:00,66.871,67.068,66.861,67.049,2499361,0
2016-02-26,16:00:00,67.089,67.207,65.787,66.043,1318977,0
2016-02-26,17:00:00,66.103,66.261,65.925,65.995,1743493,0
2016-02-26,18:00:00,65.995,66.153,65.63,65.63,1283367,0
2016-02-26,19:00:00,65.63,65.699,65.443,65.541,1163621,0
2016-02-26,20:00:00,65.541,65.699,65.335,65.413,1171315,0
2016-02-26,21:00:00,65.423,65.511,65.335,65.383,852503,0
2016-02-26,22:00:00,65.393,65.699,65.364,65.541,2762971,0
2016-02-29,16:00:00,65.659,65.857,65.285,65.373,672144,0
2016-02-29,17:00:00,65.383,65.827,65.255,65.759,1267334,0
2016-02-29,18:00:00,65.763,65.97,65.763,65.887,950268,0
2016-02-29,19:00:00,65.887,65.965,65.739,65.955,727444,0
2016-02-29,20:00:00,65.945,65.975,65.697,65.862,779136,0
2016-02-29,21:00:00,65.857,65.867,65.611,65.814,931534,0
2016-02-29,22:00:00,65.807,65.827,65.335,65.373,2840114,0
2016-03-01,16:00:00,65.679,65.915,65.214,65.531,700121,0
2016-03-01,17:00:00,65.551,65.621,65.137,65.335,1374229,0
2016-03-01,18:00:00,65.345,65.571,65.039,65.383,1171672,0
2016-03-01,19:00:00,65.383,65.483,65.325,65.403,789860,0
2016-03-01,20:00:00,65.403,65.596,65.31,65.398,1080539,0
2016-03-01,21:00:00,65.398,65.463,65.295,65.448,905935,0
2016-03-01,22:00:00,65.443,65.507,65.275,65.492,3643217,0
2016-03-02,16:00:00,65.245,65.699,65.059,65.285,878115,0
2016-03-02,17:00:00,65.285,65.443,65.039,65.157,1194879,0
2016-03-02,18:00:00,65.157,65.492,65.112,65.231,1304169,0
2016-03-02,19:00:00,65.231,65.373,65.137,65.345,975189,0
2016-03-02,20:00:00,65.354,65.373,65.197,65.198,814335,0
2016-03-02,21:00:00,65.207,65.305,65.107,65.177,943756,0
2016-03-02,22:00:00,65.187,65.255,65.069,65.245,2574956,0
2016-03-03,16:00:00,64.989,65.157,63.935,64.329,1589262,0
2016-03-03,17:00:00,64.319,64.605,64.201,64.445,1932361,0
2016-03-03,18:00:00,64.442,64.763,64.428,64.428,1498649,0
2016-03-03,19:00:00,64.437,64.72,64.428,64.67,935828,0
2016-03-03,20:00:00,64.655,64.871,64.635,64.871,1048555,0
2016-03-03,21:00:00,64.866,64.999,64.753,64.96,1025486,0
2016-03-03,22:00:00,64.97,65.236,64.841,65.177,3061787,0
2016-03-04,16:00:00,65.177,65.483,65.127,65.295,763024,0
2016-03-04,17:00:00,65.3,65.906,65.147,65.897,1503122,0
2016-03-04,18:00:00,65.902,66.301,65.777,65.787,1525670,0
2016-03-04,19:00:00,65.787,65.797,65.541,65.611,884768,0
2016-03-04,20:00:00,65.616,65.817,65.492,65.817,1001027,0
2016-03-04,21:00:00,65.817,66,65.689,65.768,1172021,0
2016-03-04,22:00:00,65.768,65.837,65.621,65.807,2370928,0
2016-03-07,16:00:00,65.649,67.177,65.305,67.109,1516177,0
2016-03-07,17:00:00,67.109,67.473,66.843,67.355,2841978,0
2016-03-07,18:00:00,67.345,67.483,67.099,67.217,1442950,0
2016-03-07,19:00:00,67.207,67.227,66.773,66.803,1375788,0
2016-03-07,20:00:00,66.803,67.059,66.783,66.891,1014381,0
2016-03-07,21:00:00,66.891,66.941,66.577,66.803,1192032,0
2016-03-07,22:00:00,66.793,66.911,66.655,66.901,2721137,0
2016-03-08,16:00:00,66.743,67.187,66.675,66.981,934083,0
2016-03-08,17:00:00,66.971,67.118,66.502,66.64,1414553,0
2016-03-08,18:00:00,66.655,66.961,66.625,66.941,904774,0
2016-03-08,19:00:00,66.938,66.971,66.763,66.936,863530,0
2016-03-08,20:00:00,66.941,67.197,66.926,67.193,889108,0
2016-03-08,21:00:00,67.187,67.468,67.167,67.456,1374478,0
2016-03-08,22:00:00,67.458,67.473,67.019,67.049,3004880,0
2016-03-09,16:00:00,67.297,67.387,66.93,67.238,833331,0
2016-03-09,17:00:00,67.248,67.406,67.029,67.054,1109664,0
2016-03-09,18:00:00,67.049,67.496,67.039,67.496,899316,0
2016-03-09,19:00:00,67.486,67.496,67.039,67.193,772300,0
2016-03-09,20:00:00,67.198,67.307,66.99,67.119,653038,0
2016-03-09,21:00:00,67.109,67.119,66.94,66.949,710607,0
2016-03-09,22:00:00,66.945,67.049,66.632,67.039,2145701,0
2016-03-10,16:00:00,67.148,67.486,66.86,67.426,624046,0
2016-03-10,17:00:00,67.446,67.545,66.523,66.583,1355668,0
2016-03-10,18:00:00,66.59,66.682,66.046,66.205,1447168,0
2016-03-10,19:00:00,66.195,66.563,65.917,66.126,1568695,0
2016-03-10,20:00:00,66.126,66.503,66.046,66.404,866830,0
2016-03-10,21:00:00,66.394,66.836,66.364,66.731,982084,0
2016-03-10,22:00:00,66.731,67.009,66.672,66.92,1653891,0
2016-03-11,16:00:00,67.277,67.446,67.019,67.148,588176,0
2016-03-11,17:00:00,67.148,67.342,67.039,67.258,1055514,0
2016-03-11,18:00:00,67.248,67.307,66.791,66.93,920137,0
2016-03-11,19:00:00,66.93,67.019,66.791,66.831,651347,0
2016-03-11,20:00:00,66.831,66.99,66.672,66.97,652066,0
2016-03-11,21:00:00,66.97,66.98,66.374,66.374,1274277,0
2016-03-11,22:00:00,66.374,66.682,66.314,66.682,2603189,0
2016-03-14,15:00:00,66.662,66.92,66.553,66.682,518764,0
2016-03-14,16:00:00,66.682,66.692,66.473,66.622,787772,0
2016-03-14,17:00:00,66.622,66.9,66.592,66.885,715157,0
2016-03-14,18:00:00,66.89,66.96,66.841,66.889,469351,0
2016-03-14,19:00:00,66.89,67.009,66.812,66.91,610598,0
2016-03-14,20:00:00,66.905,67.079,66.9,67.079,526306,0
2016-03-14,21:00:00,67.074,67.178,66.87,66.87,2287566,0
2016-03-15,15:00:00,66.513,67.208,66.513,67.089,480478,0
2016-03-15,16:00:00,67.094,67.615,67.029,67.565,1103269,0
2016-03-15,17:00:00,67.565,67.852,67.545,67.734,1228217,0
2016-03-15,18:00:00,67.734,67.833,67.397,67.476,778341,0
2016-03-15,19:00:00,67.466,67.734,67.416,67.516,761235,0
2016-03-15,20:00:00,67.516,67.704,67.416,67.426,882017,0
2016-03-15,21:00:00,67.426,67.605,67.426,67.595,1690698,0
2016-03-16,15:00:00,67.446,67.506,67.168,67.178,578325,0
2016-03-16,16:00:00,67.168,67.188,66.761,66.925,797893,0
2016-03-16,17:00:00,66.92,67.044,66.841,66.99,575245,0
2016-03-16,18:00:00,66.999,67.049,66.831,67.019,525338,0
2016-03-16,19:00:00,67.023,67.069,66.791,66.999,603852,0
2016-03-16,20:00:00,67.019,67.843,66.999,67.491,1507061,0
2016-03-16,21:00:00,67.486,67.724,67.416,67.496,2992667,0
2016-03-17,15:00:00,67.327,67.938,67.158,67.924,766387,0
2016-03-17,16:00:00,67.933,68.419,67.823,67.833,1984621,0
2016-03-17,17:00:00,67.823,67.913,67.665,67.764,985932,0
2016-03-17,18:00:00,67.764,67.873,67.486,67.645,1012211,0
2016-03-17,19:00:00,67.655,67.684,67.416,67.456,1034593,0
2016-03-17,20:00:00,67.446,67.464,66.88,66.95,1533630,0
2016-03-17,21:00:00,66.95,67.029,66.771,66.96,2926403,0
2016-03-18,15:00:00,66.99,67.267,66.632,67.198,3193699,0
2016-03-18,16:00:00,67.188,67.416,67.019,67.387,1083175,0
2016-03-18,17:00:00,67.387,67.536,67.138,67.138,789191,0
2016-03-18,18:00:00,67.138,67.357,67.059,67.297,599491,0
2016-03-18,19:00:00,67.287,67.351,67.138,67.148,703354,0
2016-03-18,20:00:00,67.148,67.163,66.999,67.014,888574,0
2016-03-18,21:00:00,67.009,67.238,66.265,66.463,14024868,0
2016-03-21,15:00:00,66.543,67.049,66.483,67.029,840872,0
2016-03-21,16:00:00,67.039,67.243,66.99,67.188,899557,0
2016-03-21,17:00:00,67.198,67.347,67.119,67.263,750658,0
2016-03-21,18:00:00,67.258,67.456,67.218,67.436,796238,0
2016-03-21,19:00:00,67.436,67.883,67.436,67.858,1399992,0
2016-03-21,20:00:00,67.858,67.863,67.655,67.863,933284,0
2016-03-21,21:00:00,67.863,67.873,67.466,67.476,2684502,0
2016-03-22,15:00:00,67.506,68.181,67.476,67.63,1099374,0
2016-03-22,16:00:00,67.625,67.675,67.327,67.406,1043889,0
2016-03-22,17:00:00,67.406,67.545,67.297,67.406,763451,0
2016-03-22,18:00:00,67.406,67.516,67.357,67.486,586722,0
2016-03-22,19:00:00,67.491,67.679,67.481,67.625,736491,0
2016-03-22,20:00:00,67.635,67.684,67.506,67.516,722515,0
2016-03-22,21:00:00,67.506,67.526,67.357,67.377,1802726,0
2016-03-23,15:00:00,67.516,67.605,67.208,67.297,419356,0
2016-03-23,16:00:00,67.307,67.346,67.178,67.258,672127,0
2016-03-23,17:00:00,67.248,67.426,67.228,67.367,584958,0
2016-03-23,18:00:00,67.371,67.387,67.277,67.307,677613,0
2016-03-23,19:00:00,67.317,67.337,67.228,67.327,559846,0
2016-03-23,20:00:00,67.327,67.357,67.019,67.039,924970,0
2016-03-23,21:00:00,67.033,67.089,66.95,66.97,1765391,0
2016-03-24,15:00:00,66.94,67.258,66.89,67.119,644054,0
2016-03-24,16:00:00,67.109,67.287,67.009,67.119,1136291,0
2016-03-24,17:00:00,67.129,67.357,67.129,67.248,591103,0
2016-03-24,18:00:00,67.253,67.317,67.109,67.198,487715,0
2016-03-24,19:00:00,67.198,67.277,67.168,67.248,184312,0
2016-03-24,20:00:00,67.224,67.545,67.158,67.486,841584,0
2016-03-24,21:00:00,67.496,67.516,67.387,67.506,1759931,0
2016-03-28,16:00:00,67.436,67.992,67.436,67.714,643358,0
2016-03-28,17:00:00,67.714,67.774,67.565,67.665,651662,0
2016-03-28,18:00:00,67.675,67.804,67.595,67.694,475067,0
2016-03-28,19:00:00,67.704,67.913,67.605,67.754,603139,0
2016-03-28,20:00:00,67.764,67.913,67.719,67.873,451106,0
2016-03-28,21:00:00,67.878,68.077,67.64,67.684,781423,0
2016-03-28,22:00:00,67.691,67.893,67.526,67.625,1501363,0
2016-03-29,16:00:00,67.655,67.713,67.387,67.406,607843,0
2016-03-29,17:00:00,67.436,67.565,67.009,67.188,861187,0
2016-03-29,18:00:00,67.188,67.198,67.034,67.039,622061,0
2016-03-29,19:00:00,67.039,67.387,66.94,67.138,840894,0
2016-03-29,20:00:00,67.148,67.191,67.013,67.124,656233,0
2016-03-29,21:00:00,67.124,67.475,67.079,67.446,766092,0
2016-03-29,22:00:00,67.446,67.615,67.426,67.536,1673824,0
2016-03-30,16:00:00,67.833,68.111,67.794,67.903,912818,0
2016-03-30,17:00:00,67.893,68.359,67.853,68.359,1086187,0
2016-03-30,18:00:00,68.35,68.498,68.171,68.186,913718,0
2016-03-30,19:00:00,68.191,68.201,67.883,67.972,729970,0
2016-03-30,20:00:00,67.972,68.032,67.903,67.992,390758,0
2016-03-30,21:00:00,67.992,68.211,67.918,68.196,718706,0
2016-03-30,22:00:00,68.196,68.379,68.161,68.3,1914847,0
2016-03-31,16:00:00,68.25,68.687,68.101,68.479,745704,0
2016-03-31,17:00:00,68.479,68.489,68.141,68.449,678304,0
2016-03-31,18:00:00,68.449,68.459,68.211,68.24,555115,0
2016-03-31,19:00:00,68.24,68.369,68.186,68.33,523459,0
2016-03-31,20:00:00,68.339,68.379,68.211,68.23,451303,0
2016-03-31,21:00:00,68.23,68.24,68.082,68.111,571093,0
2016-03-31,22:00:00,68.101,68.211,67.972,67.992,2184055,0
2016-04-01,16:00:00,67.526,68.171,67.526,67.938,568960,0
2016-04-01,17:00:00,67.943,68.489,67.876,68.409,1044525,0
2016-04-01,18:00:00,68.419,68.498,68.27,68.33,512642,0
2016-04-01,19:00:00,68.333,68.355,68.161,68.24,501798,0
2016-04-01,20:00:00,68.245,68.469,68.24,68.459,684939,0
2016-04-01,21:00:00,68.459,68.518,68.399,68.484,551601,0
2016-04-01,22:00:00,68.479,68.697,68.449,68.558,2202363,0
2016-04-04,16:00:00,68.498,68.727,68.439,68.588,786032,0
2016-04-04,17:00:00,68.598,68.776,68.449,68.508,1049406,0
2016-04-04,18:00:00,68.508,68.816,68.419,68.787,853069,0
2016-04-04,19:00:00,68.786,68.866,68.548,68.697,681306,0
2016-04-04,20:00:00,68.687,68.846,68.608,68.618,814831,0
2016-04-04,21:00:00,68.623,68.697,68.538,68.642,581226,0
2016-04-04,22:00:00,68.642,68.677,68.479,68.598,1427286,0
2016-04-05,16:00:00,68.528,68.747,67.972,68.002,860979,0
2016-04-05,17:00:00,68.012,68.34,67.874,67.883,967615,0
2016-04-05,18:00:00,67.883,68.116,67.774,67.933,596637,0
2016-04-05,19:00:00,67.943,68.151,67.943,68.096,393145,0
2016-04-05,20:00:00,68.091,68.181,68.012,68.047,406854,0
2016-04-05,21:00:00,68.052,68.28,68.022,68.25,545842,0
2016-04-05,22:00:00,68.25,68.28,68.012,68.141,1468309,0
2016-04-06,16:00:00,68.201,68.419,68.141,68.369,442143,0
2016-04-06,17:00:00,68.379,68.419,68.022,68.211,614528,0
2016-04-06,18:00:00,68.221,68.419,68.211,68.26,503206,0
2016-04-06,19:00:00,68.25,68.35,68.206,68.3,330255,0
2016-04-06,20:00:00,68.309,68.424,68.3,68.374,280993,0
2016-04-06,21:00:00,68.374,68.399,68.201,68.379,924941,0
2016-04-06,22:00:00,68.374,68.558,68.34,68.538,1763125,0
2016-04-07,16:00:00,68.33,68.429,68.022,68.32,692438,0
2016-04-07,17:00:00,68.31,68.372,67.754,67.933,606808,0
2016-04-07,18:00:00,67.933,67.962,67.645,67.684,730426,0
2016-04-07,19:00:00,67.684,67.813,67.645,67.734,569978,0
2016-04-07,20:00:00,67.734,67.863,67.585,67.59,424127,0
2016-04-07,21:00:00,67.585,67.615,67.451,67.486,741650,0
2016-04-07,22:00:00,67.486,67.774,67.486,67.724,1667104,0
2016-04-08,16:00:00,67.813,67.893,67.486,67.526,1130327,0
2016-04-08,17:00:00,67.506,67.724,67.377,67.456,786997,0
2016-04-08,18:00:00,67.466,67.645,67.416,67.645,843081,0
2016-04-08,19:00:00,67.635,67.694,67.456,67.503,420612,0
2016-04-08,20:00:00,67.496,67.595,67.367,67.545,457553,0
2016-04-08,21:00:00,67.55,67.764,67.526,67.65,421545,0
2016-04-08,22:00:00,67.645,67.655,67.377,67.565,1542705,0
2016-04-11,16:00:00,67.516,67.744,67.387,67.62,701096,0
2016-04-11,17:00:00,67.625,67.873,67.595,67.704,814652,0
2016-04-11,18:00:00,67.694,67.804,67.575,67.62,766062,0
2016-04-11,19:00:00,67.625,67.635,67.406,67.603,475310,0
2016-04-11,20:00:00,67.595,67.6,67.258,67.332,559069,0
2016-04-11,21:00:00,67.337,67.605,67.297,67.531,1210984,0
2016-04-11,22:00:00,67.536,67.536,66.89,66.91,2449718,0
2016-04-12,16:00:00,67.079,67.615,66.96,67.605,806468,0
2016-04-12,17:00:00,67.605,67.813,67.347,67.758,1084724,0
2016-04-12,18:00:00,67.764,68.26,67.754,68.062,1146631,0
2016-04-12,19:00:00,68.072,68.101,67.823,68.091,788088,0
2016-04-12,20:00:00,68.101,68.171,67.883,68.126,493779,0
2016-04-12,21:00:00,68.126,68.25,68.101,68.23,767768,0
2016-04-12,22:00:00,68.221,68.369,68.221,68.3,2037119,0
2016-04-13,16:00:00,68.508,68.742,68.369,68.667,757229,0
2016-04-13,17:00:00,68.671,68.767,68.369,68.389,962558,0
2016-04-13,18:00:00,68.394,68.598,68.369,68.588,589458,0
2016-04-13,19:00:00,68.578,68.767,68.578,68.747,497712,0
2016-04-13,20:00:00,68.747,68.806,68.697,68.727,382628,0
2016-04-13,21:00:00,68.732,68.896,68.702,68.886,472637,0
2016-04-13,22:00:00,68.886,68.915,68.608,68.647,1660009,0
2016-04-14,16:00:00,68.647,68.737,68.32,68.498,1014098,0
2016-04-14,17:00:00,68.498,68.528,67.655,67.764,1349510,0
2016-04-14,18:00:00,67.754,68.101,67.744,68.068,796073,0
2016-04-14,19:00:00,68.065,68.217,67.943,68.191,531184,0
2016-04-14,20:00:00,68.181,68.28,68.151,68.25,482850,0
2016-04-14,21:00:00,68.26,68.409,68.201,68.3,489533,0
2016-04-14,22:00:00,68.3,68.389,68.161,68.3,1619289,0
2016-04-15,16:00:00,68.439,68.905,68.439,68.598,1259559,0
2016-04-15,17:00:00,68.598,68.836,68.578,68.707,598066,0
2016-04-15,18:00:00,68.707,68.727,68.528,68.598,729110,0
2016-04-15,19:00:00,68.598,68.737,68.588,68.697,368657,0
2016-04-15,20:00:00,68.707,68.727,68.608,68.667,416434,0
2016-04-15,21:00:00,68.677,68.727,68.583,68.687,464583,0
2016-04-15,22:00:00,68.687,68.697,68.439,68.558,2943446,0
2016-04-18,16:00:00,68.548,68.618,68.35,68.469,381371,0
2016-04-18,17:00:00,68.469,68.796,68.399,68.717,649053,0
2016-04-18,18:00:00,68.707,68.931,68.707,68.925,453165,0
2016-04-18,19:00:00,68.931,69.144,68.905,68.985,457481,0
2016-04-18,20:00:00,68.975,69.193,68.955,69.178,633690,0
2016-04-18,21:00:00,69.174,69.273,69.129,69.183,665658,0
2016-04-18,22:00:00,69.183,69.392,69.114,69.352,2976923,0
2016-04-19,16:00:00,69.283,69.481,68.995,69.402,778592,0
2016-04-19,17:00:00,69.412,69.521,69.392,69.451,1046754,0
2016-04-19,18:00:00,69.451,69.571,69.372,69.392,964165,0
2016-04-19,19:00:00,69.392,69.451,69.144,69.253,715841,0
2016-04-19,20:00:00,69.253,69.303,69.193,69.254,522403,0
2016-04-19,21:00:00,69.253,69.342,69.164,69.164,577192,0
2016-04-19,22:00:00,69.174,69.273,69.094,69.263,2103307,0
2016-04-20,16:00:00,69.253,69.481,69.044,69.044,546942,0
2016-04-20,17:00:00,69.044,69.074,68.629,68.796,1081858,0
2016-04-20,18:00:00,68.796,69.035,68.796,68.955,573351,0
2016-04-20,19:00:00,68.965,69.025,68.836,68.965,468110,0
2016-04-20,20:00:00,68.955,69.049,68.905,68.975,376662,0
2016-04-20,21:00:00,68.975,69.064,68.945,69,414804,0
2016-04-20,22:00:00,68.995,69.01,68.707,68.707,1402781,0
2016-04-21,16:00:00,68.965,69.174,68.737,68.866,774125,0
2016-04-21,17:00:00,68.846,69.134,68.747,68.856,884610,0
2016-04-21,18:00:00,68.856,68.925,68.558,68.568,655687,0
2016-04-21,19:00:00,68.563,68.652,68.508,68.598,401600,0
2016-04-21,20:00:00,68.608,68.737,68.528,68.528,569671,0
2016-04-21,21:00:00,68.533,68.548,67.893,68.062,1129217,0
2016-04-21,22:00:00,68.062,68.161,67.744,67.972,1689423,0
2016-04-22,16:00:00,68.32,68.439,67.784,68.077,932600,0
2016-04-22,17:00:00,68.091,68.23,67.794,68.091,748152,0
2016-04-22,18:00:00,68.101,68.201,67.933,68.161,606707,0
2016-04-22,19:00:00,68.161,68.221,68.012,68.042,411949,0
2016-04-22,20:00:00,68.042,68.201,67.943,68.062,517419,0
2016-04-22,21:00:00,68.062,68.191,68.052,68.072,575702,0
2016-04-22,22:00:00,68.072,68.221,67.962,68.221,2015736,0
2016-04-25,16:00:00,68.052,68.35,67.565,68.101,750594,0
2016-04-25,17:00:00,68.101,68.464,68.072,68.39,678641,0
2016-04-25,18:00:00,68.394,68.568,68.359,68.479,441220,0
2016-04-25,19:00:00,68.479,68.94,68.479,68.836,564109,0
2016-04-25,20:00:00,68.846,68.945,68.628,68.767,692921,0
2016-04-25,21:00:00,68.776,68.876,68.747,68.816,569641,0
2016-04-25,22:00:00,68.816,68.995,68.677,68.965,1464393,0
2016-04-26,16:00:00,69.193,69.342,68.747,69.238,537965,0
2016-04-26,17:00:00,69.233,69.382,68.806,68.876,890766,0
2016-04-26,18:00:00,68.871,68.915,68.628,68.727,700411,0
2016-04-26,19:00:00,68.727,68.945,68.677,68.687,395866,0
2016-04-26,20:00:00,68.697,68.836,68.623,68.767,431133,0
2016-04-26,21:00:00,68.767,68.915,68.598,68.717,479124,0
2016-04-26,22:00:00,68.727,68.896,68.667,68.796,2161306,0
2016-04-27,16:00:00,68.985,69.094,68.707,68.965,528310,0
2016-04-27,17:00:00,68.965,69.273,68.759,69.069,678499,0
2016-04-27,18:00:00,69.064,69.159,68.945,69.084,506664,0
2016-04-27,19:00:00,69.099,69.164,68.955,68.96,385331,0
2016-04-27,20:00:00,68.965,69.015,68.558,68.568,536346,0
2016-04-27,21:00:00,68.568,68.896,68.489,68.886,800983,0
2016-04-27,22:00:00,68.886,69.124,68.856,68.915,1285654,0
2016-04-28,16:00:00,68.568,69.104,68.548,69.005,394672,0
2016-04-28,17:00:00,69.005,69.074,68.786,68.806,428412,0
2016-04-28,18:00:00,68.816,69.044,68.786,69.035,422738,0
2016-04-28,19:00:00,69.035,69.114,68.935,69.084,362765,0
2016-04-28,20:00:00,69.084,69.095,68.732,68.786,484594,0
2016-04-28,21:00:00,68.786,68.886,68.538,68.573,508967,0
2016-04-28,22:00:00,68.578,68.628,68.25,68.409,1663455,0
2016-04-29,16:00:00,68.23,68.32,66.672,66.952,1374770,0
2016-04-29,17:00:00,66.96,67.188,66.195,66.225,2550473,0
2016-04-29,18:00:00,66.232,66.503,65.907,66.245,1106753,0
2016-04-29,19:00:00,66.245,66.374,65.917,65.946,888950,0
2016-04-29,20:00:00,65.937,66.225,65.878,66.066,923871,0
2016-04-29,21:00:00,66.066,66.255,65.927,66.245,1095197,0
2016-04-29,22:00:00,66.235,66.583,66.136,66.384,3296553,0
2016-05-02,16:00:00,66.136,66.453,66.046,66.205,909898,0
2016-05-02,17:00:00,66.205,66.473,66.146,66.424,913283,0
2016-05-02,18:00:00,66.424,66.841,66.394,66.761,864776,0
2016-05-02,19:00:00,66.751,67.069,66.662,67.049,611926,0
2016-05-02,20:00:00,67.049,67.129,66.728,66.99,468014,0
2016-05-02,21:00:00,66.999,67.044,66.89,67.029,696564,0
2016-05-02,22:00:00,67.029,67.208,66.96,67.099,2437269,0
2016-05-03,16:00:00,66.374,66.672,66.265,66.672,672012,0
2016-05-03,17:00:00,66.672,67.004,66.607,66.742,919611,0
2016-05-03,18:00:00,66.751,66.96,66.612,66.612,707315,0
2016-05-03,19:00:00,66.612,66.741,66.463,66.642,623155,0
2016-05-03,20:00:00,66.652,66.821,66.622,66.655,633318,0
2016-05-03,21:00:00,66.662,66.741,66.612,66.682,537838,0
2016-05-03,22:00:00,66.692,66.712,66.404,66.513,1368021,0
2016-05-04,16:00:00,66.364,66.583,65.957,66.533,512112,0
2016-05-04,17:00:00,66.543,66.9,66.463,66.692,847645,0
2016-05-04,18:00:00,66.692,66.945,66.622,66.766,613828,0
2016-05-04,19:00:00,66.766,66.801,66.573,66.583,585976,0
2016-05-04,20:00:00,66.583,66.999,66.513,66.88,797765,0
2016-05-04,21:00:00,66.86,66.87,66.672,66.702,504705,0
2016-05-04,22:00:00,66.697,66.841,66.592,66.702,1351639,0
2016-05-05,16:00:00,66.483,66.761,66.215,66.513,1077613,0
2016-05-05,17:00:00,66.523,66.612,66.278,66.314,1235681,0
2016-05-05,18:00:00,66.31,66.453,66.265,66.453,850489,0
2016-05-05,19:00:00,66.444,66.503,66.265,66.404,724121,0
2016-05-05,20:00:00,66.409,66.414,66.096,66.27,827091,0
2016-05-05,21:00:00,66.275,66.424,66.227,66.384,637153,0
2016-05-05,22:00:00,66.386,66.731,66.324,66.721,2086190,0
2016-05-06,16:00:00,66.424,66.513,66.314,66.473,509304,0
2016-05-06,17:00:00,66.473,66.791,66.453,66.731,929287,0
2016-05-06,18:00:00,66.751,67.049,66.702,66.9,842133,0
2016-05-06,19:00:00,66.9,67.109,66.88,67.029,800051,0
2016-05-06,20:00:00,67.039,67.218,66.97,67.178,632846,0
2016-05-06,21:00:00,67.178,67.625,67.129,67.416,1672705,0
2016-05-06,22:00:00,67.406,67.764,67.337,67.754,3726918,0
2016-05-09,16:00:00,67.754,68.479,67.665,68.399,778964,0
2016-05-09,17:00:00,68.409,68.424,67.992,68.007,1334869,0
2016-05-09,18:00:00,68.01,68.359,67.962,68.28,862645,0
2016-05-09,19:00:00,68.27,68.449,68.151,68.434,760506,0
2016-05-09,20:00:00,68.429,68.598,68.34,68.521,886139,0
2016-05-09,21:00:00,68.518,68.588,68.369,68.583,874836,0
2016-05-09,22:00:00,68.588,68.588,68.35,68.449,2400070,0
2016-05-10,16:00:00,68.419,68.628,68.23,68.528,528746,0
2016-05-10,17:00:00,68.541,68.618,68.26,68.392,636179,0
2016-05-10,18:00:00,68.389,68.449,68.151,68.409,828924,0
2016-05-10,19:00:00,68.409,68.469,68.258,68.399,385436,0
2016-05-10,20:00:00,68.399,68.399,68.171,68.24,437595,0
2016-05-10,21:00:00,68.24,68.24,67.952,67.997,810684,0
2016-05-10,22:00:00,67.992,68.3,67.962,68.29,1872638,0
2016-05-11,16:00:00,67.47,67.5,66.18,66.25,2416803,0
2016-05-11,17:00:00,66.25,66.26,65.61,66.13,3723122,0
2016-05-11,18:00:00,66.14,66.14,65.7099,65.9441,1519250,0
2016-05-11,19:00:00,65.94,66.03,65.72,66,910831,0
2016-05-11,20:00:00,65.99,66.34,65.82,66.22,1058437,0
2016-05-11,21:00:00,66.22,66.55,66.21,66.52,1137253,0
2016-05-11,22:00:00,66.53,66.69,66.4,66.41,2731223,0
2016-05-12,16:00:00,66.55,67.04,66.38,66.95,1289506,0
2016-05-12,17:00:00,66.96,67.03,66.75,66.93,1242018,0
2016-05-12,18:00:00,66.925,67.019,66.79,66.87,1086657,0
2016-05-12,19:00:00,66.87,66.97,66.785,66.915,628174,0
2016-05-12,20:00:00,66.92,66.95,66.58,66.86,1003479,0
2016-05-12,21:00:00,66.865,67.03,66.85,67,958855,0
2016-05-12,22:00:00,66.995,67.05,66.79,66.85,2610476,0
2016-05-13,16:00:00,66.48,66.55,64.94,65.1595,2902134,0
2016-05-13,17:00:00,65.155,65.45,64.65,65.3601,2916508,0
2016-05-13,18:00:00,65.37,65.45,65.11,65.25,1103693,0
2016-05-13,19:00:00,65.25,65.38,64.78,65.07,1262118,0
2016-05-13,20:00:00,65.07,65.32,65.005,65.0599,977758,0
2016-05-13,21:00:00,65.06,65.1,64.8,64.98,1009497,0
2016-05-13,22:00:00,64.98,65.1,64.905,64.94,2466468,0
2016-05-16,16:00:00,64.86,65.5,64.68,65.39,966580,0
2016-05-16,17:00:00,65.41,65.81,65.26,65.55,998330,0
2016-05-16,18:00:00,65.55,65.76,65.44,65.73,688688,0
2016-05-16,19:00:00,65.73,65.85,65.58,65.75,567272,0
2016-05-16,20:00:00,65.7475,65.88,65.65,65.855,748861,0
2016-05-16,21:00:00,65.85,66.35,65.83,66.164,1148735,0
2016-05-16,22:00:00,66.16,66.3,65.94,66.02,3508968,0
2016-05-17,16:00:00,66.06,66.27,65.145,65.25,976258,0
2016-05-17,17:00:00,65.27,65.78,65.16,65.77,1392516,0
2016-05-17,18:00:00,65.77,65.81,65.22,65.6,1050184,0
2016-05-17,19:00:00,65.6,65.6,65.33,65.38,591608,0
2016-05-17,20:00:00,65.39,65.46,65.2,65.2,648988,0
2016-05-17,21:00:00,65.21,65.28,65.02,65.195,1129600,0
2016-05-17,22:00:00,65.1902,65.305,64.88,65.1,2676187,0
2016-05-18,16:00:00,63.02,63.52,62.75,63.1225,4490045,0
2016-05-18,17:00:00,63.12,63.49,62.76,63.1901,3588142,0
2016-05-18,18:00:00,63.19,63.5,62.95,63.2999,2459521,0
2016-05-18,19:00:00,63.3,63.56,63.19,63.54,1495996,0
2016-05-18,20:00:00,63.54,63.777,63.38,63.38,1358258,0
2016-05-18,21:00:00,63.38,63.39,62.93,63.165,2533719,0
2016-05-18,22:00:00,63.17,63.25,62.72,63.15,4237276,0
2016-05-19,16:00:00,68.1,68.935,67.5,68.52,7453444,0
2016-05-19,17:00:00,68.51,68.94,68.34,68.9,5088362,0
2016-05-19,18:00:00,68.9,69.17,68.64,68.71,4970489,0
2016-05-19,19:00:00,68.705,68.96,68.65,68.675,2510265,0
2016-05-19,20:00:00,68.67,68.95,68.655,68.77,2080327,0
2016-05-19,21:00:00,68.765,68.96,68.73,68.925,2091901,0
2016-05-19,22:00:00,68.92,69.33,68.915,69.2,6193787,0
2016-05-20,16:00:00,69.33,69.74,68.85,69.7,3332984,0
2016-05-20,17:00:00,69.7,69.9,69.6,69.8,2373753,0
2016-05-20,18:00:00,69.79,69.91,69.61,69.835,1651503,0
2016-05-20,19:00:00,69.835,70.08,69.79,70.025,1652008,0
2016-05-20,20:00:00,70.02,70.07,69.82,70.065,1574323,0
2016-05-20,21:00:00,70.06,70.14,69.92,69.995,1414196,0
2016-05-20,22:00:00,70,70.03,69.83,69.86,3439195,0
2016-05-23,16:00:00,69.6,70.06,69.57,69.89,1404114,0
2016-05-23,17:00:00,69.9,70.01,69.8,69.885,1345784,0
2016-05-23,18:00:00,69.88,69.92,69.77,69.775,729440,0
2016-05-23,19:00:00,69.78,69.84,69.535,69.57,980477,0
2016-05-23,20:00:00,69.57,69.7,69.55,69.69,548524,0
2016-05-23,21:00:00,69.695,69.74,69.63,69.695,690184,0
2016-05-23,22:00:00,69.69,69.71,69.44,69.5,3071599,0
2016-05-24,16:00:00,69.65,70.09,69.55,70.03,1379369,0
2016-05-24,17:00:00,70.03,70.135,69.87,69.89,979937,0
2016-05-24,18:00:00,69.89,70.23,69.89,70.23,986973,0
2016-05-24,19:00:00,70.232,70.34,70.2,70.31,775341,0
2016-05-24,20:00:00,70.3175,70.36,70.19,70.27,835289,0
2016-05-24,21:00:00,70.27,70.34,70.23,70.3,831914,0
2016-05-24,22:00:00,70.295,70.42,70.21,70.24,2215165,0
2016-05-25,16:00:00,70.25,70.52,70.24,70.46,600972,0
2016-05-25,17:00:00,70.46,70.85,70.4,70.82,1066272,0
2016-05-25,18:00:00,70.83,70.96,70.67,70.9543,738337,0
2016-05-25,19:00:00,70.96,70.96,70.8,70.94,561893,0
2016-05-25,20:00:00,70.94,70.995,70.92,70.97,683776,0
2016-05-25,21:00:00,70.98,70.98,70.81,70.8232,795663,0
2016-05-25,22:00:00,70.82,70.85,70.435,70.48,2156831,0
2016-05-26,16:00:00,70.69,71.375,70.6,71.09,1049535,0
2016-05-26,17:00:00,71.1,71.12,70.88,70.955,1070746,0
2016-05-26,18:00:00,70.955,71.02,70.75,70.81,736224,0
2016-05-26,19:00:00,70.82,70.86,70.72,70.84,555107,0
2016-05-26,20:00:00,70.84,70.92,70.75,70.9,736854,0
2016-05-26,21:00:00,70.91,70.9861,70.86,70.89,846358,0
2016-05-26,22:00:00,70.9,70.92,70.75,70.85,2466205,0
2016-05-27,16:00:00,70.86,70.89,70.62,70.81,474353,0
2016-05-27,17:00:00,70.81,70.89,70.63,70.73,652646,0
2016-05-27,18:00:00,70.72,70.765,70.49,70.56,760622,0
2016-05-27,19:00:00,70.57,70.72,70.57,70.685,321344,0
2016-05-27,20:00:00,70.69,70.79,70.59,70.74,479068,0
2016-05-27,21:00:00,70.73,70.84,70.59,70.705,532416,0
2016-05-27,22:00:00,70.71,70.81,70.68,70.75,1890100,0
2016-05-31,16:00:00,70.58,70.98,70.48,70.885,720548,0
2016-05-31,17:00:00,70.89,71,70.73,70.73,789915,0
2016-05-31,18:00:00,70.73,70.85,70.65,70.715,763529,0
2016-05-31,19:00:00,70.71,70.77,70.58,70.76,397920,0
2016-05-31,20:00:00,70.76,70.91,70.655,70.87,568970,0
2016-05-31,21:00:00,70.86,70.89,70.68,70.79,559857,0
2016-05-31,22:00:00,70.78,70.91,70.7,70.78,3179530,0
2016-06-01,16:00:00,70.5,70.905,70.41,70.73,852249,0
2016-06-01,17:00:00,70.71,70.84,70.48,70.69,948266,0
2016-06-01,18:00:00,70.69,70.83,70.55,70.66,595891,0
2016-06-01,19:00:00,70.65,70.79,70.51,70.56,708020,0
2016-06-01,20:00:00,70.56,70.67,70.5,70.55,609510,0
2016-06-01,21:00:00,70.55,70.655,70.45,70.545,762909,0
2016-06-01,22:00:00,70.5401,70.585,70.42,70.5,2119303,0
2016-06-02,16:00:00,70.5,70.55,70.175,70.27,833753,0
2016-06-02,17:00:00,70.28,70.5,70.145,70.405,732110,0
2016-06-02,18:00:00,70.41,70.555,70.29,70.4601,553152,0
2016-06-02,19:00:00,70.46,70.67,70.39,70.595,413449,0
2016-06-02,20:00:00,70.5925,70.92,70.59,70.78,889953,0
2016-06-02,21:00:00,70.78,71,70.74,70.855,864644,0
2016-06-02,22:00:00,70.86,70.96,70.7639,70.95,1703862,0
2016-06-03,16:00:00,70.57,70.95,70.52,70.76,1182361,0
2016-06-03,17:00:00,70.77,70.88,70.66,70.75,816190,0
2016-06-03,18:00:00,70.76,71.01,70.67,70.985,754427,0
2016-06-03,19:00:00,70.985,71.01,70.805,70.851,540544,0
2016-06-03,20:00:00,70.85,70.988,70.82,70.9432,542032,0
2016-06-03,21:00:00,70.95,71.05,70.875,70.955,562616,0
2016-06-03,22:00:00,70.96,71,70.84,70.87,1268538,0
2016-06-06,16:00:00,71.52,71.55,71.06,71.14,1603313,0
2016-06-06,17:00:00,71.14,71.27,71,71.15,1308728,0
2016-06-06,18:00:00,71.15,71.28,71.07,71.1246,1038386,0
2016-06-06,19:00:00,71.13,71.24,71.02,71.08,807742,0
2016-06-06,20:00:00,71.08,71.29,71.05,71.205,738495,0
2016-06-06,21:00:00,71.21,71.27,71.1,71.11,757647,0
2016-06-06,22:00:00,71.11,71.14,71,71.05,1865897,0
2016-06-07,16:00:00,71.1,71.19,70.99,71.165,758826,0
2016-06-07,17:00:00,71.1671,71.295,71.105,71.255,878222,0
2016-06-07,18:00:00,71.26,71.31,71.13,71.19,497475,0
2016-06-07,19:00:00,71.2,71.23,71.14,71.17,557150,0
2016-06-07,20:00:00,71.1699,71.1846,71.03,71.07,562430,0
2016-06-07,21:00:00,71.06,71.13,70.93,70.945,661317,0
2016-06-07,22:00:00,70.945,71.06,70.85,71.03,2281571,0
2016-06-08,16:00:00,70.85,71.14,70.8,70.875,582647,0
2016-06-08,17:00:00,70.87,71.03,70.85,70.99,598984,0
2016-06-08,18:00:00,70.995,71.36,70.995,71.29,747292,0
2016-06-08,19:00:00,71.29,71.43,71.27,71.32,581669,0
2016-06-08,20:00:00,71.32,71.425,71.245,71.425,384824,0
2016-06-08,21:00:00,71.42,71.45,71.26,71.395,577148,0
2016-06-08,22:00:00,71.395,71.4,71.24,71.28,2027752,0
2016-06-09,16:00:00,71.36,71.59,71.3,71.44,897754,0
2016-06-09,17:00:00,71.435,71.47,70.99,71.105,1096859,0
2016-06-09,18:00:00,71.1001,71.2,71,71.04,477083,0
2016-06-09,19:00:00,71.04,71.12,70.99,71.07,424497,0
2016-06-09,20:00:00,71.0667,71.14,70.995,71.01,647340,0
2016-06-09,21:00:00,71.005,71.05,70.85,70.995,662746,0
2016-06-09,22:00:00,70.999,71.13,70.97,71.09,1287547,0
2016-06-10,16:00:00,71,71.08,70.68,71.06,1104077,0
2016-06-10,17:00:00,71.065,71.41,71,71.3561,755114,0
2016-06-10,18:00:00,71.35,71.36,71,71.1737,939131,0
2016-06-10,19:00:00,71.18,71.22,71.04,71.11,544102,0
2016-06-10,20:00:00,71.11,71.15,70.98,71.03,491342,0
2016-06-10,21:00:00,71.03,71.065,70.95,71.03,650401,0
2016-06-10,22:00:00,71.02,71.215,70.97,71.14,2185599,0
2016-06-13,16:00:00,71,71.18,70.68,70.78,789630,0
2016-06-13,17:00:00,70.79,71.105,70.78,70.92,821805,0
2016-06-13,18:00:00,70.9201,70.95,70.535,70.57,634147,0
2016-06-13,19:00:00,70.58,70.8365,70.56,70.78,517798,0
2016-06-13,20:00:00,70.785,70.83,70.59,70.67,435391,0
2016-06-13,21:00:00,70.68,70.77,70.63,70.69,700588,0
2016-06-13,22:00:00,70.69,70.71,70.485,70.53,3242206,0
2016-06-14,16:00:00,70.66,70.82,70.36,70.43,888821,0
2016-06-14,17:00:00,70.43,70.52,70.2,70.5,1232046,0
2016-06-14,18:00:00,70.5,70.8,70.49,70.615,1154419,0
2016-06-14,19:00:00,70.6133,71.08,70.61,70.9,900342,0
2016-06-14,20:00:00,70.9099,71.09,70.83,71.025,771890,0
2016-06-14,21:00:00,71.025,71.17,70.9,70.925,934072,0
2016-06-14,22:00:00,70.93,71.09,70.86,70.95,2395816,0
2016-06-15,16:00:00,71.2,71.38,71,71.33,707937,0
2016-06-15,17:00:00,71.32,71.615,71.31,71.46,963278,0
2016-06-15,18:00:00,71.47,71.56,71.35,71.35,1218080,0
2016-06-15,19:00:00,71.35,71.44,71.24,71.24,648890,0
2016-06-15,20:00:00,71.24,71.45,71.16,71.36,437996,0
2016-06-15,21:00:00,71.37,71.54,71.345,71.49,744760,0
2016-06-15,22:00:00,71.49,71.495,71.04,71.12,2033744,0
2016-06-16,16:00:00,71,71.37,70.92,70.95,484826,0
2016-06-16,17:00:00,70.955,71.01,70.8,70.96,741156,0
2016-06-16,18:00:00,70.95,71.09,70.89,71.01,657015,0
2016-06-16,19:00:00,71.01,71.46,70.985,71.26,894049,0
2016-06-16,20:00:00,71.27,71.34,71.14,71.24,794429,0
2016-06-16,21:00:00,71.24,71.37,71.22,71.25,787339,0
2016-06-16,22:00:00,71.26,71.36,71.22,71.3,1702357,0
2016-06-17,16:00:00,71.05,71.05,70.4,70.9,2586508,0
2016-06-17,17:00:00,70.91,71.21,70.87,70.955,793021,0
2016-06-17,18:00:00,70.955,71.27,70.9,71.2,663518,0
2016-06-17,19:00:00,71.21,71.31,71.1,71.17,507780,0
2016-06-17,20:00:00,71.17,71.27,71.1,71.15,438491,0
2016-06-17,21:00:00,71.15,71.18,71.06,71.1,910489,0
2016-06-17,22:00:00,71.1,71.23,70.93,70.95,10662451,0
2016-06-20,16:00:00,71.31,71.78,71.29,71.585,697389,0
2016-06-20,17:00:00,71.59,71.63,71.5,71.595,773652,0
2016-06-20,18:00:00,71.58,71.61,71.45,71.46,709149,0
2016-06-20,19:00:00,71.4601,71.49,71.25,71.44,841684,0
2016-06-20,20:00:00,71.44,71.45,71.06,71.17,790129,0
2016-06-20,21:00:00,71.17,71.39,71.09,71.305,900462,0
2016-06-20,22:00:00,71.31,71.32,71.05,71.1,1750842,0
2016-06-21,16:00:00,70.95,71.4167,70.95,71.26,557849,0
2016-06-21,17:00:00,71.25,71.44,71.21,71.3062,724536,0
2016-06-21,18:00:00,71.305,71.5,71.29,71.485,580290,0
2016-06-21,19:00:00,71.4825,71.51,71.38,71.3832,534891,0
2016-06-21,20:00:00,71.38,71.41,71.26,71.405,677301,0
2016-06-21,21:00:00,71.4,71.64,71.35,71.57,714070,0
2016-06-21,22:00:00,71.575,71.72,71.45,71.46,2145088,0
2016-06-22,16:00:00,71.6,72,71.565,71.8098,628816,0
2016-06-22,17:00:00,71.81,72.2,71.805,72.12,1323276,0
2016-06-22,18:00:00,72.115,72.25,71.89,71.92,1213722,0
2016-06-22,19:00:00,71.93,72.04,71.895,72.03,694589,0
2016-06-22,20:00:00,72.03,72.05,71.82,72.01,816818,0
2016-06-22,21:00:00,72.01,72.03,71.855,71.91,764743,0
2016-06-22,22:00:00,71.91,71.985,71.68,71.75,2197869,0
2016-06-23,16:00:00,72.2,72.24,71.865,71.96,579408,0
2016-06-23,17:00:00,71.96,72.02,71.785,71.91,1061589,0
2016-06-23,18:00:00,71.91,72,71.88,71.93,836438,0
2016-06-23,19:00:00,71.9399,72.1,71.93,71.9601,519547,0
2016-06-23,20:00:00,71.97,72.03,71.88,71.88,479561,0
2016-06-23,21:00:00,71.885,71.97,71.86,71.915,597396,0
2016-06-23,22:00:00,71.91,72.1,71.89,72.1,1675663,0
2016-06-24,16:00:00,70.55,72.19,70.51,72.08,1178197,0
2016-06-24,17:00:00,72.0803,72.72,72.02,72.45,2395773,0
2016-06-24,18:00:00,72.455,72.485,72.09,72.46,929679,0
2016-06-24,19:00:00,72.47,72.52,72.15,72.205,1061473,0
2016-06-24,20:00:00,72.21,72.46,72.12,72.42,1249754,0
2016-06-24,21:00:00,72.42,72.47,71.84,72.02,1455174,0
2016-06-24,22:00:00,72.025,72.27,71.69,71.96,5135626,0
2016-06-27,16:00:00,71.64,71.77,71.391,71.6,1059976,0
2016-06-27,17:00:00,71.6,71.66,70.91,70.9537,1337284,0
2016-06-27,18:00:00,70.95,71.24,70.875,71.05,1548456,0
2016-06-27,19:00:00,71.04,71.525,71.04,71.35,590348,0
2016-06-27,20:00:00,71.34,71.53,71.23,71.38,631307,0
2016-06-27,21:00:00,71.3729,71.57,71.36,71.48,736919,0
2016-06-27,22:00:00,71.49,71.77,71.435,71.5,4253221,0
2016-06-28,16:00:00,71.76,71.87,71.19,71.68,845341,0
2016-06-28,17:00:00,71.68,71.73,71.41,71.43,926208,0
2016-06-28,18:00:00,71.435,71.57,71.325,71.395,813298,0
2016-06-28,19:00:00,71.395,71.44,71.3,71.39,740175,0
2016-06-28,20:00:00,71.39,71.4,70.87,70.87,973796,0
2016-06-28,21:00:00,70.87,71.21,70.67,71.165,1244345,0
2016-06-28,22:00:00,71.16,71.55,71.13,71.51,1994452,0
2016-06-29,16:00:00,71.63,71.975,71.56,71.86,702125,0
2016-06-29,17:00:00,71.84,72.23,71.82,72.15,784361,0
2016-06-29,18:00:00,72.15,72.48,72.15,72.46,666708,0
2016-06-29,19:00:00,72.4545,72.49,72.37,72.38,509793,0
2016-06-29,20:00:00,72.37,72.38,72.15,72.35,753740,0
2016-06-29,21:00:00,72.3432,72.36,72.23,72.31,523295,0
2016-06-29,22:00:00,72.305,72.46,72.255,72.46,2270505,0
